50
sp|Q9HAV4|XPO5_HUMAN                       0.0000000 2.9000710 1.7445790 1.2910666 1.8722984 1.0963176 1.2571607 3.9227108 1.6200809 4.4026054 3.1914251 1.5387782 3.6082890 2.2840134 2.3050500 1.2588636 4.0592975 3.6694497 2.1417804 1.6205351 2.1372920 2.7283990 4.3013251 1.4816023 2.5274677 1.6615244 1.4604032 2.5536592 3.4908512 1.3080327 1.2493168 4.5780804 2.5945487 1.8468261 1.5799087 4.5168173 3.2434412 1.4689673 1.6989272 1.6876066 1.7146198 2.1243619 4.0654240 1.3180543 1.5855236 0.9729692 1.1476428 1.6279885 1.4415821 1.9866767 
sp|Q0WP44|HASTY_ARATH                      2.9000710 0.0000000 3.3463399 2.7301236 3.2744019 2.6974715 3.4448659 5.3491666 3.1047157 4.9439044 4.7277117 2.9922617 4.2533231 3.7226956 3.7140155 3.3587806 4.0163400 3.8239020 3.5095462 3.0328431 3.6389392 3.9029508 5.5321654 2.7633836 3.2311917 3.2028606 2.8769992 3.9040831 3.6996991 2.3231540 2.4034011 5.0743343 4.4760807 3.5299518 2.9755529 5.0629413 4.2099246 3.0816910 3.0307765 3.1326209 3.2296708 3.1248822 3.8376993 2.4671319 2.9762834 2.3922712 2.5869549 3.1088594 2.8886916 3.5671691 
Acropora_digitifera_901                    1.7445790 3.3463399 0.0000000 0.0000010 1.2123777 0.0000010 0.0000010 5.1761713 0.0256601 4.5883430 2.2305456 0.4469076 3.5951255 2.4129473 1.9784050 0.0000010 3.4970538 2.8906165 2.4516390 0.5281388 2.1143408 0.0000010 4.2499690 0.4152244 3.6555743 0.2666161 1.7158277 3.7325384 4.4846144 0.0000010 0.0000010 4.1725903 3.3021091 0.6611623 0.5483478 4.4125125 2.3047184 0.4258243 0.4528196 0.5733489 0.4631276 1.4479076 3.8810641 0.3495261 0.5451049 0.0000010 0.0000010 0.5576769 0.3841628 2.4588953 
Acropora_digitifera_13531                  1.2910666 2.7301236 0.0000010 0.0000000 0.0000010 0.9699571 0.4018972 4.8906043 0.1136364 4.9403965 3.5344589 0.6376913 3.5696747 2.0714077 2.5171904 0.7216962 4.3503637 4.3692611 1.7355634 0.6181632 2.0392896 3.4222228 3.5465095 0.0000010 2.5451336 0.4386992 0.6195940 2.8704126 3.2659998 1.0851861 1.0964161 4.3965683 3.0036596 0.0000010 0.7753572 5.1040791 5.0682421 0.5271571 0.8909355 0.0000010 0.7803842 2.4201831 3.6354466 0.0000010 0.7822172 0.6440626 0.8045260 0.0000010 0.7408176 1.8021126 
Anthopleura_elegantissima_8817             1.8722984 3.2744019 1.2123777 0.0000010 0.0000000 0.0000010 0.0000010 3.8633565 1.1782985 5.1910214 0.0000010 1.0056057 3.7452284 2.4535587 1.5396979 0.0000010 4.3647241 5.0508289 2.4933950 1.2226503 1.8603933 0.0000010 3.6650778 0.8972995 3.7040144 1.1947018 0.0000010 3.1998061 4.7963343 0.0000010 0.0000010 4.3550829 3.8415233 1.2214370 1.0677117 3.5475473 2.8317854 0.8435870 1.0761326 1.0763517 1.1712624 2.0097540 3.6397561 0.9756293 1.0534558 0.0000010 0.0000010 1.0991639 0.0000010 1.8808715 
Anthopleura_elegantissima_16403            1.0963176 2.6974715 0.0000010 0.9699571 0.0000010 0.0000000 0.4462359 4.3869522 0.9962048 4.8626128 2.8971608 0.8115889 3.2073262 1.9817093 2.2385865 0.0000010 3.5744911 3.8525570 1.3963452 0.6808514 2.5275793 3.3204639 2.9872753 0.0000010 1.9210076 0.9176316 0.7591262 2.3364640 2.9422300 0.8028887 0.5786593 4.3892860 2.8669344 0.0000010 0.8730333 5.2225104 5.3572604 0.8792272 0.0000010 0.0000010 0.4572645 1.8948777 3.4635797 0.0000010 0.8772288 0.4087947 0.4686334 0.0000010 0.7826367 1.5973980 
Acropora_hyacinthus_3299                   1.2571607 3.4448659 0.0000010 0.4018972 0.0000010 0.4462359 0.0000000 4.7854332 0.0178339 3.7380584 2.9996113 0.4251669 3.1730297 1.7152589 2.2264181 0.0461287 5.1802048 5.7551246 2.0047087 0.4634820 1.5140400 3.6711219 2.0015705 0.0000010 2.5592802 0.2384715 0.4427116 1.8587847 3.1263199 0.0000010 1.2400483 3.6986758 2.6394860 0.0000010 0.5160755 3.9881831 4.5766620 0.3188111 0.8909355 0.0000010 0.4827688 3.3800364 3.6337633 0.0000010 0.5069524 0.5686639 0.5426202 0.0000010 0.4982154 2.6976303 
Acropora_hyacinthus_4310                   3.9227108 5.3491666 5.1761713 4.8906043 3.8633565 4.3869522 4.7854332 0.0000000 4.9801008 5.1422971 5.5804850 4.4896761 5.3782316 4.0884625 6.0824711 4.6430254 6.4699093 6.3776700 4.4888381 4.9945043 4.7841406 5.6253837 4.3641124 4.0112998 4.0806061 4.9968110 4.7883021 3.3366909 3.8670299 4.8054188 5.7287990 5.2062286 6.8861026 3.0382517 4.3550607 6.4195443 8.3184812 4.5959959 4.3608115 4.0753285 4.2591729 4.3057476 5.4879736 4.5322776 4.3824331 5.0071462 6.0237428 4.4368663 4.6120691 4.3569318 
Acropora_millepora_4687                    1.6200809 3.1047157 0.0256601 0.1136364 1.1782985 0.9962048 0.0178339 4.9801008 0.0000000 4.4659460 3.7311251 0.4417287 3.9253253 2.5032144 2.1552062 0.0384279 3.4047486 3.6815129 2.1037720 0.5006365 2.1046042 3.4925355 3.8659438 0.4093194 2.8130404 0.2662178 0.4720388 2.7243584 3.4275691 1.0902567 1.0793268 4.2734212 3.0368016 0.6565493 0.5132180 4.3276015 3.0582043 0.4078026 0.4452928 0.5529749 0.4284275 2.4166785 4.0396333 0.3305375 0.5160822 0.4547795 0.5281613 0.5320692 0.4811418 2.2589140 
Acropora_palmata_6429                      4.4026054 4.9439044 4.5883430 4.9403965 5.1910214 4.8626128 3.7380584 5.1422971 4.4659460 0.0000000 5.9809936 4.0879269 5.4072226 4.6837316 8.9999988 1.1187010 4.9986095 5.2841379 4.5807646 4.4007380 4.8944516 5.0130628 4.5600517 4.4408222 3.9412436 4.0973941 4.2630363 7.7105078 2.4724391 3.9284021 4.4930026 6.0119428 5.7249417 2.7224995 4.0322804 3.8683581 5.1555090 4.4772655 3.9022770 3.7191439 3.7362525 4.3063300 5.4798310 3.2529592 4.1524475 5.2834768 4.9368029 2.7700605 4.2839470 4.8639503 
Acropora_palmata_7410                      3.1914251 4.7277117 2.2305456 3.5344589 0.0000010 2.8971608 2.9996113 5.5804850 3.7311251 5.9809936 0.0000000 3.7064068 0.3986641 3.5675641 3.9580128 3.3512431 4.8032913 5.5302983 3.7282647 3.7007407 3.4995304 0.3533041 3.3536000 0.0000010 3.4302619 3.7133804 3.4243679 2.1269192 4.2825824 2.5908078 3.2600202 4.5856712 4.5684315 0.0000010 3.7283369 4.8585665 4.9985739 3.5092025 2.5514320 0.0000010 3.8350395 3.7081306 3.7055259 0.0000010 3.6850852 2.7990171 2.8310185 0.0000010 3.6958671 2.8946006 
protein|evm.model.chromosome_11.1980       1.5387782 2.9922617 0.4469076 0.6376913 1.0056057 0.8115889 0.4251669 4.4896761 0.4417287 4.0879269 3.7064068 0.0000000 3.8532242 2.3850407 2.1586462 0.4740108 3.1702455 3.8775982 2.0807952 0.1249619 1.9903150 3.3198049 4.1526769 0.1270731 2.6990009 0.4115337 0.1060808 2.4731116 3.1657958 0.9054837 0.8608901 4.2158147 2.8435915 0.2213140 0.2067962 4.0419510 2.8446914 0.3330911 0.1070325 0.2362310 0.3557409 2.3241172 3.9189586 0.2670846 0.2122749 0.0628659 0.1844192 0.1910916 0.1728077 2.1383238 
Amphimedon_queenslandica_19650             3.6082890 4.2533231 3.5951255 3.5696747 3.7452284 3.2073262 3.1730297 5.3782316 3.9253253 5.4072226 0.3986641 3.8532242 0.0000000 3.9178891 4.8250044 3.3739541 4.8218428 4.6149636 4.1137613 3.8206018 4.1238325 0.5667308 4.2862960 4.8244360 4.0694512 3.9487210 3.8995887 3.7201309 4.3261802 2.9815153 3.4310758 5.4173586 5.5473864 2.7236634 3.9937834 4.5389918 5.1392842 4.0616283 3.4161811 3.6886028 3.8920547 3.6098646 3.7236791 3.2624873 3.9384699 3.3692114 3.2986990 2.9335469 4.0610391 3.7901963 
Amphimedon_queenslandica_20937             2.2840134 3.7226956 2.4129473 2.0714077 2.4535587 1.9817093 1.7152589 4.0884625 2.5032144 4.6837316 3.5675641 2.3850407 3.9178891 0.0000000 2.9885797 2.0132035 3.6905809 3.6764683 1.9551313 2.4799298 2.9320687 4.0284441 3.3651766 2.2959193 3.2537947 2.4363773 2.4248047 2.5259020 2.3961066 1.8461775 1.8239533 4.4741925 4.0642966 5.2244931 2.3191830 5.3704143 4.2181223 2.4864392 2.2920767 2.1923636 2.5031487 2.7702031 3.8816185 2.0207996 2.3115101 1.4584327 1.9672891 2.2377068 2.4315547 2.5770977 
Acropora_tenuis_12604                      2.3050500 3.7140155 1.9784050 2.5171904 1.5396979 2.2385865 2.2264181 6.0824711 2.1552062 8.9999988 3.9580128 2.1586462 4.8250044 2.9885797 0.0000000 2.3799642 5.8768782 6.5905085 3.1206301 2.2898395 3.2013685 6.9019511 1.9633334 2.3130035 3.6418412 2.1440493 2.4675909 4.6139535 3.7566100 2.8426304 3.6645841 5.5757271 2.6975477 1.5391862 2.2635147 8.9999988 3.1236507 2.3753876 2.1323428 2.2401405 2.2767004 4.8961767 4.3162451 2.1296728 2.2363754 2.6106039 2.6598456 1.8500457 2.5416694 2.7347609 
Acropora_tenuis_19222                      1.2588636 3.3587806 0.0000010 0.7216962 0.0000010 0.0000010 0.0461287 4.6430254 0.0384279 1.1187010 3.3512431 0.4740108 3.3739541 2.0132035 2.3799642 0.0000000 3.6895055 5.1190393 1.9963749 0.4989796 1.8831600 4.3509083 3.1030395 0.0000010 2.2486449 0.2297969 0.5112877 1.4593092 3.0867906 0.0000010 2.5452955 3.2948392 3.0068100 0.0000010 0.4988232 4.1042490 6.0451078 0.3379091 0.8909355 0.0000010 0.5340987 4.1008631 3.4418729 0.0000010 0.4893205 0.9068582 0.7401424 0.0000010 0.5106884 2.2098754 
Anemonia_viridis_4                         4.0592975 4.0163400 3.4970538 4.3503637 4.3647241 3.5744911 5.1802048 6.4699093 3.4047486 4.9986095 4.8032913 3.1702455 4.8218428 3.6905809 5.8768782 3.6895055 0.0000000 4.8101940 4.0011546 3.2796856 4.0060464 4.6948400 4.5573115 3.9882461 4.1307378 3.6925207 3.1078326 2.5420659 5.3459109 3.6929117 6.1056943 5.6910389 4.6335922 3.8381594 3.2383155 4.4199973 2.9370429 2.6755290 3.5848838 4.0010241 3.2173735 4.3043526 4.4510007 3.5776118 3.2276778 4.6105247 4.4324693 3.9499920 2.9238435 3.6991312 
Anemonia_viridis_406                       3.6694497 3.8239020 2.8906165 4.3692611 5.0508289 3.8525570 5.7551246 6.3776700 3.6815129 5.2841379 5.5302983 3.8775982 4.6149636 3.6764683 6.5905085 5.1190393 4.8101940 0.0000000 4.2759031 3.5312006 4.5049131 5.6120349 4.7111172 8.2599305 4.3794168 3.5509875 3.9963671 3.9071040 5.4541488 3.4742108 5.2096619 5.9312220 5.3632256 3.0483682 3.8884628 4.8007022 6.4345401 3.7608674 3.5823045 3.7699639 3.5420453 4.0365162 4.4868663 2.0167499 3.8567686 4.8863949 5.3203874 1.9326985 3.7966066 4.6249124 
Ephydatia_muelleri_13178                   2.1417804 3.5095462 2.4516390 1.7355634 2.4933950 1.3963452 2.0047087 4.4888381 2.1037720 4.5807646 3.7282647 2.0807952 4.1137613 1.9551313 3.1206301 1.9963749 4.0011546 4.2759031 0.0000000 2.1725360 3.0692381 3.6810723 3.8309077 1.9497293 3.1805884 2.2098564 1.7972988 3.2301333 3.5541253 1.0934134 0.9809803 5.0185500 2.8675691 3.2779527 2.1367147 4.8222592 3.0517897 1.8810564 2.4659735 2.5183437 2.2406612 2.5272561 4.0352311 1.9404210 2.1361762 1.0281564 1.4136102 2.3897443 1.9423388 2.3985829 
Fungia_scutaria_20304                      1.6205351 3.0328431 0.5281388 0.6181632 1.2226503 0.6808514 0.4634820 4.9945043 0.5006365 4.4007380 3.7007407 0.1249619 3.8206018 2.4799298 2.2898395 0.4989796 3.2796856 3.5312006 2.1725360 0.0000000 2.1138183 3.1503324 4.3663967 0.3804200 2.7481048 0.4649324 0.1262383 2.7604132 3.4595243 0.9007434 0.8810725 4.2650550 2.6429310 0.2849309 0.2551375 4.4260492 2.9939564 0.3578187 0.2329101 0.3876595 0.4275030 2.4296285 4.0802466 0.3140758 0.2604225 0.1119280 0.2152997 0.2638741 0.1954121 2.2502803 
Gorgonia_ventalina_29196                   2.1372920 3.6389392 2.1143408 2.0392896 1.8603933 2.5275793 1.5140400 4.7841406 2.1046042 4.8944516 3.4995304 1.9903150 4.1238325 2.9320687 3.2013685 1.8831600 4.0060464 4.5049131 3.0692381 2.1138183 0.0000000 2.3191287 3.7400228 2.2046884 3.5873322 2.0363069 2.7792462 4.5008999 4.4980721 0.0000010 2.3368295 3.5791103 3.2900337 2.0148035 2.0275949 3.8330726 2.2801634 1.8368515 2.0246686 2.0197695 2.0136409 2.4560649 3.5063564 1.8529951 2.0170477 1.9233962 2.2934078 2.0113552 2.0364013 2.6383850 
Hydra_magnapapillata_6268                  2.7283990 3.9029508 0.0000010 3.4222228 0.0000010 3.3204639 3.6711219 5.6253837 3.4925355 5.0130628 0.3533041 3.3198049 0.5667308 4.0284441 6.9019511 4.3509083 4.6948400 5.6120349 3.6810723 3.1503324 2.3191287 0.0000000 4.0438946 0.0000010 3.1646404 3.5421523 3.2965749 4.3435272 5.0975043 2.8894831 3.1875961 5.3491918 5.1826004 0.0000010 3.5593498 5.7695926 6.1195977 3.2781419 4.5128388 0.0000010 2.9332041 3.8413574 3.0549791 0.0000010 3.5394691 3.1631686 3.5122663 0.0000010 3.4876447 3.1440936 
Hydra_magnapapillata_13517                 4.3013251 5.5321654 4.2499690 3.5465095 3.6650778 2.9872753 2.0015705 4.3641124 3.8659438 4.5600517 3.3536000 4.1526769 4.2862960 3.3651766 1.9633334 3.1030395 4.5573115 4.7111172 3.8309077 4.3663967 3.7400228 4.0438946 0.0000000 5.0980893 4.5223603 4.1350440 3.6363461 2.8988473 3.5950257 4.2052222 5.0948212 5.4787062 4.3693771 3.8364979 4.0371251 3.8191356 5.0654313 3.4684052 4.0176294 4.2118030 3.8725492 3.9682145 5.0088672 4.1328691 3.9788984 4.1601971 4.3313542 3.7954995 3.9922957 4.1217435 
Madracis_auretenra_22303                   1.4816023 2.7633836 0.4152244 0.0000010 0.8972995 0.0000010 0.0000010 4.0112998 0.4093194 4.4408222 0.0000010 0.1270731 4.8244360 2.2959193 2.3130035 0.0000010 3.9882461 8.2599305 1.9497293 0.3804200 2.2046884 0.0000010 5.0980893 0.0000000 3.3912545 0.4363506 0.0000010 3.5799617 3.8901870 0.0000010 0.0000010 4.0370857 3.5499404 2.2882169 0.1855642 3.6758137 3.1859026 0.9288481 0.1335823 0.1844217 0.2918217 2.7318217 2.9182023 0.2540630 0.1930279 0.0000010 0.0000010 0.1492891 0.0000010 1.6454494 
Monosiga_brevicollis_6224                  2.5274677 3.2311917 3.6555743 2.5451336 3.7040144 1.9210076 2.5592802 4.0806061 2.8130404 3.9412436 3.4302619 2.6990009 4.0694512 3.2537947 3.6418412 2.2486449 4.1307378 4.3794168 3.1805884 2.7481048 3.5873322 3.1646404 4.5223603 3.3912545 0.0000000 2.8867210 2.1365888 3.1046711 3.7118401 2.1662920 2.8087424 4.8267567 4.3937669 3.2611069 2.7006818 4.9382081 3.4879045 2.4933111 3.4499106 3.5901385 2.9785784 2.3015397 4.1737368 3.5010758 2.6798719 2.6023544 2.5386736 3.4766072 2.3472114 3.0602303 
Montipora_capitata_HIv3___RNAseq.g14674.t1 1.6615244 3.2028606 0.2666161 0.4386992 1.1947018 0.9176316 0.2384715 4.9968110 0.2662178 4.0973941 3.7133804 0.4115337 3.9487210 2.4363773 2.1440493 0.2297969 3.6925207 3.5509875 2.2098564 0.4649324 2.0363069 3.5421523 4.1350440 0.4363506 2.8867210 0.0000000 0.4132970 3.1157488 3.0968859 1.0444831 0.9395110 4.2759248 3.1084137 0.6204262 0.4726639 4.2034852 3.0089566 0.3689896 0.4665909 0.5369671 0.4139222 2.3834943 4.1064095 0.3380764 0.4750886 0.3490471 0.3902731 0.5305645 0.4279744 2.3164593 
Montastraea_cavernosa_88252                1.4604032 2.8769992 1.7158277 0.6195940 0.0000010 0.7591262 0.4427116 4.7883021 0.4720388 4.2630363 3.4243679 0.1060808 3.8995887 2.4248047 2.4675909 0.5112877 3.1078326 3.9963671 1.7972988 0.1262383 2.7792462 3.2965749 3.6363461 0.0000010 2.1365888 0.4132970 0.0000000 2.2580421 2.7680062 0.9061879 0.8349132 4.3006927 2.5987523 0.0000010 0.2422495 4.8090750 3.8042846 0.3330794 0.4176593 0.0000010 0.3778614 2.4351877 3.8266897 0.0000010 0.2501493 0.0830604 0.2207372 0.0000010 0.2424827 1.9970361 
Mnemiopsis_leidyi_110                      2.5536592 3.9040831 3.7325384 2.8704126 3.1998061 2.3364640 1.8587847 3.3366909 2.7243584 7.7105078 2.1269192 2.4731116 3.7201309 2.5259020 4.6139535 1.4593092 2.5420659 3.9071040 3.2301333 2.7604132 4.5008999 4.3435272 2.8988473 3.5799617 3.1046711 3.1157488 2.2580421 0.0000000 3.6256442 3.3697615 2.2008525 4.8298893 4.5943760 3.2522188 2.5655902 4.8249878 4.1785128 2.2951236 3.0917108 3.8211857 2.7927407 3.5366240 4.3435828 0.0000010 2.5845633 2.2712077 2.2141019 0.0000010 2.2555018 2.6569941 
Mnemiopsis_leidyi_8545                     3.4908512 3.6996991 4.4846144 3.2659998 4.7963343 2.9422300 3.1263199 3.8670299 3.4275691 2.4724391 4.2825824 3.1657958 4.3261802 2.3961066 3.7566100 3.0867906 5.3459109 5.4541488 3.5541253 3.4595243 4.4980721 5.0975043 3.5950257 3.8901870 3.7118401 3.0968859 2.7680062 3.6256442 0.0000000 2.5636700 3.0575160 4.4062425 4.8796778 3.2706298 3.3806014 3.7664704 2.4675557 2.7266789 3.7603577 3.8196100 2.9737604 3.5406204 4.8148960 3.5169715 3.4499863 3.2612859 3.5645813 3.6442330 2.9811701 4.6594310 
Nematostella_vectensis_12623               1.3080327 2.3231540 0.0000010 1.0851861 0.0000010 0.8028887 0.0000010 4.8054188 1.0902567 3.9284021 2.5908078 0.9054837 2.9815153 1.8461775 2.8426304 0.0000010 3.6929117 3.4742108 1.0934134 0.9007434 0.0000010 2.8894831 4.2052222 0.0000010 2.1662920 1.0444831 0.9061879 3.3697615 2.5636700 0.0000000 0.0000010 6.5622224 4.7919217 0.0000010 0.8564011 5.7409786 6.9417315 1.0013865 0.0000010 0.0000010 0.0000010 1.8346421 3.0485852 0.0000010 0.8559796 0.6181853 0.6729191 0.0000010 0.8364591 1.8296249 
Nematostella_vectensis_19738               1.2493168 2.4034011 0.0000010 1.0964161 0.0000010 0.5786593 1.2400483 5.7287990 1.0793268 4.4930026 3.2600202 0.8608901 3.4310758 1.8239533 3.6645841 2.5452955 6.1056943 5.2096619 0.9809803 0.8810725 2.3368295 3.1875961 5.0948212 0.0000010 2.8087424 0.9395110 0.8349132 2.2008525 3.0575160 0.0000010 0.0000000 5.2031283 3.9563902 0.0000010 0.8668293 4.6592978 5.1573745 0.9077575 0.7434399 0.0000010 0.9963010 2.4795636 3.5962651 0.0000010 0.8668293 0.7865137 0.8310679 0.0000010 0.8539068 1.6676869 
Oscarella_carmela_17731                    4.5780804 5.0743343 4.1725903 4.3965683 4.3550829 4.3892860 3.6986758 5.2062286 4.2734212 6.0119428 4.5856712 4.2158147 5.4173586 4.4741925 5.5757271 3.2948392 5.6910389 5.9312220 5.0185500 4.2650550 3.5791103 5.3491918 5.4787062 4.0370857 4.8267567 4.2759248 4.3006927 4.8298893 4.4062425 6.5622224 5.2031283 0.0000000 6.7741554 4.4915393 4.1678074 4.5867468 4.8606814 4.2903337 4.1656107 4.4049455 3.8888179 4.6277783 5.0967536 4.0732920 4.1699898 4.5929502 4.6340080 4.0624129 4.1824263 5.3216910 
Oscarella_carmela_21230                    2.5945487 4.4760807 3.3021091 3.0036596 3.8415233 2.8669344 2.6394860 6.8861026 3.0368016 5.7249417 4.5684315 2.8435915 5.5473864 4.0642966 2.6975477 3.0068100 4.6335922 5.3632256 2.8675691 2.6429310 3.2900337 5.1826004 4.3693771 3.5499404 4.3937669 3.1084137 2.5987523 4.5943760 4.8796778 4.7919217 3.9563902 6.7741554 0.0000000 2.1837414 2.8014499 5.2176879 4.1416990 2.8312385 3.0315056 3.0422987 2.7692861 3.2812096 4.2865455 1.3481721 2.8014499 2.4934413 2.3152627 0.9926492 2.5876874 3.2011102 
Montastraea_faveolata_2291                 1.8468261 3.5299518 0.6611623 0.0000010 1.2214370 0.0000010 0.0000010 3.0382517 0.6565493 2.7224995 0.0000010 0.2213140 2.7236634 5.2244931 1.5391862 0.0000010 3.8381594 3.0483682 3.2779527 0.2849309 2.0148035 0.0000010 3.8364979 2.2882169 3.2611069 0.6204262 0.0000010 3.2522188 3.2706298 0.0000010 0.0000010 4.4915393 2.1837414 0.0000000 0.4691597 2.7924314 0.3380165 0.0000010 0.1040803 0.4202127 0.5812558 0.9072587 4.1997188 0.5667441 0.4691597 0.0000010 0.0000010 0.3479460 0.0000010 3.0653983 
Pocillopora_acuta_HIv2___RNAseq.g25481.t1  1.5799087 2.9755529 0.5483478 0.7753572 1.0677117 0.8730333 0.5160755 4.3550607 0.5132180 4.0322804 3.7283369 0.2067962 3.9937834 2.3191830 2.2635147 0.4988232 3.2383155 3.8884628 2.1367147 0.2551375 2.0275949 3.5593498 4.0371251 0.1855642 2.7006818 0.4726639 0.2422495 2.5655902 3.3806014 0.8564011 0.8668293 4.1678074 2.8014499 0.4691597 0.0000000 4.0582894 3.0112301 0.3851165 0.2912710 0.0075092 0.4118042 2.2258820 3.9808291 0.3622578 0.0107843 0.2113227 0.0951567 0.0850487 0.0738365 2.2134819 
Porites_astreoides_8610                    4.5168173 5.0629413 4.4125125 5.1040791 3.5475473 5.2225104 3.9881831 6.4195443 4.3276015 3.8683581 4.8585665 4.0419510 4.5389918 5.3704143 8.9999988 4.1042490 4.4199973 4.8007022 4.8222592 4.4260492 3.8330726 5.7695926 3.8191356 3.6758137 4.9382081 4.2034852 4.8090750 4.8249878 3.7664704 5.7409786 4.6592978 4.5867468 5.2176879 2.7924314 4.0582894 0.0000000 6.3019295 4.5589971 3.9753952 3.5395687 3.6597345 4.9785139 5.4471114 1.9753246 3.9621572 4.0120032 3.7000984 2.4504223 4.4809625 4.0511233 
Porites_astreoides_9157                    3.2434412 4.2099246 2.3047184 5.0682421 2.8317854 5.3572604 4.5766620 8.3184812 3.0582043 5.1555090 4.9985739 2.8446914 5.1392842 4.2181223 3.1236507 6.0451078 2.9370429 6.4345401 3.0517897 2.9939564 2.2801634 6.1195977 5.0654313 3.1859026 3.4879045 3.0089566 3.8042846 4.1785128 2.4675557 6.9417315 5.1573745 4.8606814 4.1416990 0.3380165 3.0112301 6.3019295 0.0000000 3.0749770 1.9083873 2.5069974 2.0193557 5.0778107 5.4972721 1.6013322 3.0269735 4.5866504 5.0610077 0.6898976 3.5267081 4.1442252 
Porites_australiensis_9626                 1.4689673 3.0816910 0.4258243 0.5271571 0.8435870 0.8792272 0.3188111 4.5959959 0.4078026 4.4772655 3.5092025 0.3330911 4.0616283 2.4864392 2.3753876 0.3379091 2.6755290 3.7608674 1.8810564 0.3578187 1.8368515 3.2781419 3.4684052 0.9288481 2.4933111 0.3689896 0.3330794 2.2951236 2.7266789 1.0013865 0.9077575 4.2903337 2.8312385 0.0000010 0.3851165 4.5589971 3.0749770 0.0000000 0.6222737 0.8435870 0.0170705 2.3660133 4.2670984 0.0000010 0.3950760 0.2418767 0.3208094 0.0000010 0.3721508 2.1859949 
Platygyra_carnosus_43865                   1.6989272 3.0307765 0.4528196 0.8909355 1.0761326 0.0000010 0.8909355 4.3608115 0.4452928 3.9022770 2.5514320 0.1070325 3.4161811 2.2920767 2.1323428 0.8909355 3.5848838 3.5823045 2.4659735 0.2329101 2.0246686 4.5128388 4.0176294 0.1335823 3.4499106 0.4665909 0.4176593 3.0917108 3.7603577 0.0000010 0.7434399 4.1656107 3.0315056 0.1040803 0.2912710 3.9753952 1.9083873 0.6222737 0.0000000 0.2718507 0.3807763 2.4889132 3.6093721 0.2830473 0.2988469 0.4176593 0.4176593 0.2417991 0.4176593 2.2900750 
Pocillopora_damicornis_6025                1.6876066 3.1326209 0.5733489 0.0000010 1.0763517 0.0000010 0.0000010 4.0753285 0.5529749 3.7191439 0.0000010 0.2362310 3.6886028 2.1923636 2.2401405 0.0000010 4.0010241 3.7699639 2.5183437 0.3876595 2.0197695 0.0000010 4.2118030 0.1844217 3.5901385 0.5369671 0.0000010 3.8211857 3.8196100 0.0000010 0.0000010 4.4049455 3.0422987 0.4202127 0.0075092 3.5395687 2.5069974 0.8435870 0.2718507 0.0000000 0.4257206 2.3607589 3.6457057 0.3623353 0.0100268 0.0000010 0.0000010 0.0854541 0.0000010 2.4237447 
Peve_00032268                              1.7146198 3.2296708 0.4631276 0.7803842 1.1712624 0.4572645 0.4827688 4.2591729 0.4284275 3.7362525 3.8350395 0.3557409 3.8920547 2.5031487 2.2767004 0.5340987 3.2173735 3.5420453 2.2406612 0.4275030 2.0136409 2.9332041 3.8725492 0.2918217 2.9785784 0.4139222 0.3778614 2.7927407 2.9737604 0.0000010 0.9963010 3.8888179 2.7692861 0.5812558 0.4118042 3.6597345 2.0193557 0.0170705 0.3807763 0.4257206 0.0000000 2.9701856 4.3197005 0.0209257 0.4177414 0.5394896 0.5794988 0.4788000 0.3986957 2.3612811 
Pleurobrachia_pileus_4432                  2.1243619 3.1248822 1.4479076 2.4201831 2.0097540 1.8948777 3.3800364 4.3057476 2.4166785 4.3063300 3.7081306 2.3241172 3.6098646 2.7702031 4.8961767 4.1008631 4.3043526 4.0365162 2.5272561 2.4296285 2.4560649 3.8413574 3.9682145 2.7318217 2.3015397 2.3834943 2.4351877 3.5366240 3.5406204 1.8346421 2.4795636 4.6277783 3.2812096 0.9072587 2.2258820 4.9785139 5.0778107 2.3660133 2.4889132 2.3607589 2.9701856 0.0000000 3.5674033 0.0000010 2.2556275 2.4799779 2.6292938 0.0000010 2.1886644 2.2896965 
Porites_lobata_65                          4.0654240 3.8376993 3.8810641 3.6354466 3.6397561 3.4635797 3.6337633 5.4879736 4.0396333 5.4798310 3.7055259 3.9189586 3.7236791 3.8816185 4.3162451 3.4418729 4.4510007 4.4868663 4.0352311 4.0802466 3.5063564 3.0549791 5.0088672 2.9182023 4.1737368 4.1064095 3.8266897 4.3435828 4.8148960 3.0485852 3.5962651 5.0967536 4.2865455 4.1997188 3.9808291 5.4471114 5.4972721 4.2670984 3.6093721 3.6457057 4.3197005 3.5674033 0.0000000 3.0278983 3.9434169 3.4689745 3.4121309 3.6159326 4.0452120 4.0939138 
Porites_lobata_11141                       1.3180543 2.4671319 0.3495261 0.0000010 0.9756293 0.0000010 0.0000010 4.5322776 0.3305375 3.2529592 0.0000010 0.2670846 3.2624873 2.0207996 2.1296728 0.0000010 3.5776118 2.0167499 1.9404210 0.3140758 1.8529951 0.0000010 4.1328691 0.2540630 3.5010758 0.3380764 0.0000010 0.0000010 3.5169715 0.0000010 0.0000010 4.0732920 1.3481721 0.5667441 0.3622578 1.9753246 1.6013322 0.0000010 0.2830473 0.3623353 0.0209257 0.0000010 3.0278983 0.0000000 0.3649751 0.0000010 0.0000010 0.3898910 0.0000010 1.9418142 
Pocillopora_meandrina_HIv1___TS.g24628.t2  1.5855236 2.9762834 0.5451049 0.7822172 1.0534558 0.8772288 0.5069524 4.3824331 0.5160822 4.1524475 3.6850852 0.2122749 3.9384699 2.3115101 2.2363754 0.4893205 3.2276778 3.8567686 2.1361762 0.2604225 2.0170477 3.5394691 3.9788984 0.1930279 2.6798719 0.4750886 0.2501493 2.5845633 3.4499863 0.8559796 0.8668293 4.1699898 2.8014499 0.4691597 0.0107843 3.9621572 3.0269735 0.3950760 0.2988469 0.0100268 0.4177414 2.2556275 3.9434169 0.3649751 0.0000000 0.2113227 0.0864221 0.0841211 0.0839247 2.2155207 
Pseudodiploria_strigosa_21291              0.9729692 2.3922712 0.0000010 0.6440626 0.0000010 0.4087947 0.5686639 5.0071462 0.4547795 5.2834768 2.7990171 0.0628659 3.3692114 1.4584327 2.6106039 0.9068582 4.6105247 4.8863949 1.0281564 0.1119280 1.9233962 3.1631686 4.1601971 0.0000010 2.6023544 0.3490471 0.0830604 2.2712077 3.2612859 0.6181853 0.7865137 4.5929502 2.4934413 0.0000010 0.2113227 4.0120032 4.5866504 0.2418767 0.4176593 0.0000010 0.5394896 2.4799779 3.4689745 0.0000010 0.2113227 0.0000000 0.2349159 0.0000010 0.2148150 1.5546537 
Seriatopora_hystrix_54018                  1.1476428 2.5869549 0.0000010 0.8045260 0.0000010 0.4686334 0.5426202 6.0237428 0.5281613 4.9368029 2.8310185 0.1844192 3.2986990 1.9672891 2.6598456 0.7401424 4.4324693 5.3203874 1.4136102 0.2152997 2.2934078 3.5122663 4.3313542 0.0000010 2.5386736 0.3902731 0.2207372 2.2141019 3.5645813 0.6729191 0.8310679 4.6340080 2.3152627 0.0000010 0.0951567 3.7000984 5.0610077 0.3208094 0.4176593 0.0000010 0.5794988 2.6292938 3.4121309 0.0000010 0.0864221 0.2349159 0.0000000 0.0000010 0.0621850 1.7183067 
Seriatopora_hystrix_82668                  1.6279885 3.1088594 0.5576769 0.0000010 1.0991639 0.0000010 0.0000010 4.4368663 0.5320692 2.7700605 0.0000010 0.1910916 2.9335469 2.2377068 1.8500457 0.0000010 3.9499920 1.9326985 2.3897443 0.2638741 2.0113552 0.0000010 3.7954995 0.1492891 3.4766072 0.5305645 0.0000010 0.0000010 3.6442330 0.0000010 0.0000010 4.0624129 0.9926492 0.3479460 0.0850487 2.4504223 0.6898976 0.0000010 0.2417991 0.0854541 0.4788000 0.0000010 3.6159326 0.3898910 0.0841211 0.0000010 0.0000010 0.0000000 0.0000010 2.3199163 
Stylophora_pistillata_16362                1.4415821 2.8886916 0.3841628 0.7408176 0.0000010 0.7826367 0.4982154 4.6120691 0.4811418 4.2839470 3.6958671 0.1728077 4.0610391 2.4315547 2.5416694 0.5106884 2.9238435 3.7966066 1.9423388 0.1954121 2.0364013 3.4876447 3.9922957 0.0000010 2.3472114 0.4279744 0.2424827 2.2555018 2.9811701 0.8364591 0.8539068 4.1824263 2.5876874 0.0000010 0.0738365 4.4809625 3.5267081 0.3721508 0.4176593 0.0000010 0.3986957 2.1886644 4.0452120 0.0000010 0.0839247 0.2148150 0.0621850 0.0000010 0.0000000 2.0203108 
Trichoplax_adherens_6905                   1.9866767 3.5671691 2.4588953 1.8021126 1.8808715 1.5973980 2.6976303 4.3569318 2.2589140 4.8639503 2.8946006 2.1383238 3.7901963 2.5770977 2.7347609 2.2098754 3.6991312 4.6249124 2.3985829 2.2502803 2.6383850 3.1440936 4.1217435 1.6454494 3.0602303 2.3164593 1.9970361 2.6569941 4.6594310 1.8296249 1.6676869 5.3216910 3.2011102 3.0653983 2.2134819 4.0511233 4.1442252 2.1859949 2.2900750 2.4237447 2.3612811 2.2896965 4.0939138 1.9418142 2.2155207 1.5546537 1.7183067 2.3199163 2.0203108 0.0000000 
