49
sp|Q9BXP5|SRRT_HUMAN                                            0.0000000 3.0237688 1.2302884 1.3341206 0.9290735 1.9413687 1.2516781 1.1598311 0.8593403 4.7370918 8.8134960 1.1917552 1.8320240 1.1250043 1.0463461 5.1645531 1.8202647 1.2020059 1.2121973 1.6545564 1.7240259 0.9714704 3.7455036 1.2440614 1.4560825 1.3172104 7.7136938 3.4568432 1.1832427 2.9024826 5.2290726 1.2568812 1.2853862 1.1345763 6.2823845 1.0312798 0.9853510 1.2116522 2.0529258 1.9565131 1.2458105 1.1224270 1.2159220 1.2283389 1.0362524 1.2246233 6.7886726 8.2127205 1.6663151 
sp|Q9ZVD0|SRRT_ARATH                                            3.0237688 0.0000000 2.9564037 3.0933189 2.0287953 2.9109881 3.9810239 2.4437996 2.8085506 3.8031827 8.9999982 2.6566771 3.3089176 2.5039997 2.4964467 5.0455919 3.2034912 2.7240494 2.9970258 3.1570750 3.3956536 2.2719975 4.4920033 2.9134473 2.1828482 2.9124189 6.9038177 2.7525953 2.7163902 3.9224479 6.0179805 2.2612442 2.9171389 2.1632900 5.6079114 2.7992781 2.9293050 2.7631889 2.8510195 2.6227993 2.8666609 2.4169725 2.8355392 2.3481760 2.7220020 2.8323612 5.0325252 5.9327779 3.0914964 
Acropora_digitifera_10817                                       1.2302884 2.9564037 0.0000000 0.9063801 0.0000010 4.4003829 0.0799989 0.0000010 0.0123251 4.8601657 8.7974270 0.3263837 1.9475036 4.4003829 0.0000010 4.7096728 1.8645387 0.3209934 1.0424494 0.0000010 1.6800888 0.4061447 3.7545299 0.2248160 1.3177841 0.3225290 0.8212428 4.2332672 0.8064722 2.3904730 6.0491567 0.2476007 0.4285261 0.3647593 7.0071567 0.2808918 0.1725953 0.3215062 2.1756946 2.5541198 0.3001783 4.3821128 0.3836322 0.5862455 0.1583788 0.4151776 6.5478125 7.8473914 1.8190792 
Anthopleura_elegantissima_33373                                 1.3341206 3.0933189 0.9063801 0.0000000 1.2454225 4.8881825 0.3719969 4.5401595 0.2860855 4.4220708 8.9999982 0.8361645 2.5181357 4.4099475 2.2658260 4.7353004 2.1738956 0.8904389 1.2246986 5.8836295 1.7321641 1.1002194 3.8713584 0.8697709 3.2212895 0.8879508 9.0000000 4.3315871 0.8111833 2.7356617 6.6742146 0.8213823 0.9997909 0.8659455 6.1372970 0.7666129 0.4918182 0.8989132 2.1097028 2.8690095 0.8632396 4.6171023 0.9987288 1.3806386 0.5219191 1.1528205 5.9982412 7.1342963 2.0995005 
Anthopleura_elegantissima_69929                                 0.9290735 2.0287953 0.0000010 1.2454225 0.0000000 1.0292190 3.7884236 0.5321822 0.0000010 7.4889602 1.5594044 0.3876912 1.5383293 0.4587861 0.0642242 5.0699271 1.5804839 0.3712490 0.0000010 1.0897167 1.5021446 0.4067299 2.4749679 0.4464636 0.6535310 0.0000010 7.5484034 1.3831682 0.3931498 0.0000010 4.6257308 0.4874092 0.4651510 0.1790950 1.6862513 0.0000010 0.0000010 0.4033404 1.9459134 1.6310086 0.5826941 0.4301870 0.4619411 0.4201955 0.0000010 0.4489577 7.3401963 6.2992872 1.1899143 
Acropora_hyacinthus_4054                                        1.9413687 2.9109881 4.4003829 4.8881825 1.0292190 0.0000000 3.1811507 0.3051936 0.0000010 3.6377791 1.0521841 0.6262079 2.9452919 0.2822717 1.2273876 6.9365528 2.6655145 0.5867854 0.0000010 1.7483870 2.8093444 0.5992140 4.0574618 0.5056081 0.2495921 0.0000010 8.6156111 2.0286288 1.3355254 0.0000010 6.9621784 0.3665614 0.7303515 2.0053074 5.7741654 0.0000010 0.0000010 0.5908062 3.3064022 3.4992098 2.9940014 0.4728037 0.7303515 0.6542259 0.0000010 0.6791616 7.0890074 5.3924002 2.1368035 
Acropora_hyacinthus_11154                                       1.2516781 3.9810239 0.0799989 0.3719969 3.7884236 3.1811507 0.0000000 3.4610423 0.0000010 3.6710301 0.0000010 0.5848787 2.9756763 3.1811507 3.5893568 3.1664849 2.5604913 0.5748252 0.6949806 6.4455980 1.4305429 3.9959003 4.1220722 0.5991333 3.2235297 0.1036861 8.9999988 3.3154467 1.0471041 0.9624965 4.8526605 3.3896082 0.6603644 0.0000010 5.2815653 0.1382751 0.1801487 0.6898912 2.0287950 9.0000000 0.2393832 3.7146315 0.6603644 3.7064414 0.0410770 0.6377751 8.6112167 6.2842845 2.6562642 
Acropora_millepora_2558                                         1.1598311 2.4437996 0.0000010 4.5401595 0.5321822 0.3051936 3.4610423 0.0000000 0.0000010 4.2950089 1.0521841 0.3136298 2.1466851 0.0920197 0.4654597 6.9637179 1.8991858 0.2068099 0.0000010 1.1696953 1.9025938 0.2251923 3.9224892 0.1886024 0.2739454 0.0000010 7.5606995 2.0286288 0.6922883 0.0000010 4.5440803 0.3471936 0.3643971 2.2087914 4.8865636 0.0000010 0.0000010 0.2080087 3.1103360 2.1964484 3.9559327 0.1273240 0.3643971 0.2776760 0.0000010 0.3160474 6.5407510 6.2177660 1.4327029 
Acropora_millepora_2559                                         0.8593403 2.8085506 0.0123251 0.2860855 0.0000010 0.0000010 0.0000010 0.0000010 0.0000000 3.6917268 7.5677985 0.1661731 1.2807113 0.0000010 0.0000010 2.8138898 1.2344193 0.1477170 0.7846837 0.0000010 1.2999545 0.0000010 2.6016717 0.2045666 4.1838337 0.1471898 0.8212428 3.6213161 0.3807842 1.6033820 5.2786933 0.0000010 0.1780477 0.0000010 6.8333382 0.1514594 0.1815134 0.2006199 0.0000010 0.0000010 0.1340607 4.3821128 0.1815134 0.0000010 0.1462550 0.1988655 5.9724905 8.4369967 1.1050457 
Acropora_palmata_2679                                           4.7370918 3.8031827 4.8601657 4.4220708 7.4889602 3.6377791 3.6710301 4.2950089 3.6917268 0.0000000 2.3055025 4.1421774 6.1788065 4.7266455 8.9999981 7.4028579 4.7031945 4.2533271 5.0339799 6.3288409 5.7761132 4.7824240 5.0619536 4.7775672 3.5750488 4.1345303 3.5445710 3.8097425 4.9128567 4.3353980 6.1741861 3.2462176 4.4507741 3.3449980 5.6268195 4.3202907 4.3733711 4.2236139 4.6698701 3.6582575 4.0488172 4.7596145 4.4062539 3.2917669 3.7390945 4.4516750 4.3870731 6.7664131 6.8230546 
Acropora_palmata_6198                                           8.8134960 8.9999982 8.7974270 8.9999982 1.5594044 1.0521841 0.0000010 1.0521841 7.5677985 2.3055025 0.0000000 8.9786373 8.3813492 1.0521841 1.5594044 8.6762308 8.5094738 8.3177773 8.9999981 1.5594044 8.5819375 1.0521841 7.3676857 8.9999982 3.3636785 8.9999990 2.0231466 4.3571299 8.9999989 5.5999623 6.6223998 1.0521841 8.9999986 0.0000010 6.9211056 8.9999988 8.2607105 8.9999988 1.5138476 1.5138476 8.4798014 8.9999980 7.8658086 1.0521841 8.9999983 8.1279056 6.0713903 3.7154261 8.9999981 
protein|evm.model.chromosome_8.1193_evm.model.chromosome_8.1194 1.1917552 2.6566771 0.3263837 0.8361645 0.3876912 0.6262079 0.5848787 0.3136298 0.1661731 4.1421774 8.9786373 0.0000000 2.0000658 0.2799134 0.4158177 5.1696841 1.8532784 0.1195979 1.0943903 1.2737332 1.6669229 0.1110059 3.7427379 0.3444827 0.1630434 0.1229611 6.2129544 3.7086729 0.7233956 2.4867480 5.6077125 0.1092709 0.3045008 0.1885570 6.5113022 0.1302122 0.1579607 0.2662273 2.1759255 1.9615956 0.2723186 0.2183416 0.2797204 0.1346117 0.0541296 0.2956551 6.6408454 6.8716017 1.6903275 
Amphimedon_queenslandica_17120                                  1.8320240 3.3089176 1.9475036 2.5181357 1.5383293 2.9452919 2.9756763 2.1466851 1.2807113 6.1788065 8.3813492 2.0000658 0.0000000 2.1114047 1.8976486 5.3937171 1.6094477 1.9262615 1.9883043 2.0069774 2.4231162 1.9140111 4.2591973 2.0260035 2.4229396 1.9732721 8.5052308 4.0734332 2.0735656 3.2347872 7.2248142 2.2003314 2.1585149 1.9129748 7.9472789 1.7573927 1.5821765 2.0420440 2.6417978 2.5902973 2.0483763 2.1280095 1.9935396 1.9412748 1.6626969 2.0410353 7.4277571 8.9999990 2.3512447 
Acropora_tenuis_6912                                            1.1250043 2.5039997 4.4003829 4.4099475 0.4587861 0.2822717 3.1811507 0.0920197 0.0000010 4.7266455 1.0521841 0.2799134 2.1114047 0.0000000 0.4603705 6.3513188 1.8580575 0.2402798 0.0000010 1.1612087 1.8499714 0.2344945 3.3780751 0.2106291 0.2530693 0.0000010 7.4810431 2.0286288 0.7264807 0.0000010 4.9958642 0.3769341 0.3563443 2.1620589 4.2206457 0.0000010 0.0000010 0.2247720 3.4384632 2.3488753 2.7455882 0.1283402 0.3563443 0.2862866 0.0000010 0.2856254 6.7933742 5.4894505 1.4986347 
Anemonia_viridis_1363                                           1.0463461 2.4964467 0.0000010 2.2658260 0.0642242 1.2273876 3.5893568 0.4654597 0.0000010 8.9999981 1.5594044 0.4158177 1.8976486 0.4603705 0.0000000 3.9159561 1.9987856 0.3991393 0.0000010 1.4302133 1.8947487 0.4334006 1.8862096 0.4526161 0.7496404 0.0000010 7.2807548 1.4424160 0.4527450 0.0000010 4.8122509 0.5839430 0.4640788 0.0000010 0.9333094 0.0000010 0.0000010 0.4195429 2.9360250 1.8454012 0.0000010 0.4195429 0.4502000 0.4367999 0.0000010 0.4065929 8.3552676 6.7417478 1.2738227 
Anemonia_viridis_3548                                           5.1645531 5.0455919 4.7096728 4.7353004 5.0699271 6.9365528 3.1664849 6.9637179 2.8138898 7.4028579 8.6762308 5.1696841 5.3937171 6.3513188 3.9159561 0.0000000 6.4207005 5.1015358 4.5290157 6.0766932 6.0283623 5.6995991 6.6941547 5.5256119 5.3677687 3.9799650 6.0442146 4.1722857 5.2274629 2.4476634 5.6261537 6.2495000 5.9435869 8.6824440 6.4281236 3.6867269 3.9991225 5.4920184 5.2865099 5.7440194 4.6902693 5.7832403 5.6586708 5.7369052 4.0464208 5.3321293 6.0732516 7.7942451 5.1397137 
Ephydatia_muelleri_5224                                         1.8202647 3.2034912 1.8645387 2.1738956 1.5804839 2.6655145 2.5604913 1.8991858 1.2344193 4.7031945 8.5094738 1.8532784 1.6094477 1.8580575 1.9987856 6.4207005 0.0000000 1.8418659 1.7473246 2.0331249 2.3924012 1.7338685 4.1273584 1.8972510 2.1249418 1.9237364 6.7891099 4.1411138 2.0283429 3.2705307 6.2108745 1.9551345 2.0086110 1.5761272 7.9749411 1.7749592 1.6161310 1.8978166 2.2885579 2.5423778 1.8945079 1.7607443 1.8274129 1.7104947 1.7389016 1.9198302 6.8682920 7.9354240 2.1181692 
Fungia_scutaria_4261                                            1.2020059 2.7240494 0.3209934 0.8904389 0.3712490 0.5867854 0.5748252 0.2068099 0.1477170 4.2533271 8.3177773 0.1195979 1.9262615 0.2402798 0.3991393 5.1015358 1.8418659 0.0000000 1.1202096 1.2537670 1.6831444 0.0992813 3.7435071 0.3173681 0.1559733 0.1457326 6.3595858 3.7897925 0.7149271 2.6053234 5.7225466 0.0810949 0.2939332 0.2135479 6.5958922 0.1494449 0.1663206 0.2774904 2.1693426 1.9805278 0.2902818 0.1991775 0.2664987 0.1635775 0.0766733 0.3002829 6.3829571 6.8718223 1.6563857 
Gorgonia_ventalina_11091                                        1.2121973 2.9970258 1.0424494 1.2246986 0.0000010 0.0000010 0.6949806 0.0000010 0.7846837 5.0339799 8.9999981 1.0943903 1.9883043 0.0000010 0.0000010 4.5290157 1.7473246 1.1202096 0.0000000 0.0000010 1.5492164 0.0000010 3.6370522 1.1476047 1.5808917 1.0930611 0.0000010 3.9454241 1.1937912 2.6593399 6.2338980 0.0000010 1.1616780 0.0000010 5.8632696 1.0958980 1.0883332 1.1415921 2.0733660 0.0000010 1.0818949 5.3675047 1.0586220 0.0000010 1.1763813 1.0818122 5.9354055 6.5752984 1.5745441 
Gorgonia_ventalina_34458                                        1.6545564 3.1570750 0.0000010 5.8836295 1.0897167 1.7483870 6.4455980 1.1696953 0.0000010 6.3288409 1.5594044 1.2737332 2.0069774 1.1612087 1.4302133 6.0766932 2.0331249 1.2537670 0.0000010 0.0000000 1.5431500 1.1615323 1.7201198 1.1365950 1.1714139 0.0000010 8.2552624 7.0628075 1.3161867 0.0000010 5.4078862 1.3689494 1.2024984 0.0000010 1.5218544 0.0000010 0.0000010 1.1478883 3.2918712 2.6622093 0.8681836 1.1309986 1.2024984 1.2804931 0.0000010 1.1220131 4.7696777 6.5336452 1.8359954 
Hydra_magnapapillata_414                                        1.7240259 3.3956536 1.6800888 1.7321641 1.5021446 2.8093444 1.4305429 1.9025938 1.2999545 5.7761132 8.5819375 1.6669229 2.4231162 1.8499714 1.8947487 6.0283623 2.3924012 1.6831444 1.5492164 1.5431500 0.0000000 1.5494261 3.7342995 1.7125154 1.5193739 1.6879123 5.8165229 4.4046522 1.7186963 2.9120684 6.5910638 1.5354635 1.7541243 1.5597485 8.4291799 1.5367826 1.3954319 1.7503834 2.3893963 2.4640804 1.7534602 1.7474377 1.6536142 1.5625838 1.5855294 1.6807517 6.6693722 8.6285588 2.0324099 
Madracis_auretenra_14078                                        0.9714704 2.2719975 0.4061447 1.1002194 0.4067299 0.5992140 3.9959003 0.2251923 0.0000010 4.7824240 1.0521841 0.1110059 1.9140111 0.2344945 0.4334006 5.6995991 1.7338685 0.0992813 0.0000010 1.1615323 1.5494261 0.0000000 3.4920172 0.1729637 0.2186354 0.0000010 7.6110940 1.9975436 0.6170137 0.0000010 4.7433501 0.1673698 0.0961055 0.2259542 6.5530338 0.0000010 0.0000010 0.1590153 2.5719312 2.0528538 0.2454909 0.1521002 0.0912368 0.1402098 0.0000010 0.0685510 6.6985971 5.6842083 1.5650219 
Monosiga_brevicollis_8893                                       3.7455036 4.4920033 3.7545299 3.8713584 2.4749679 4.0574618 4.1220722 3.9224892 2.6016717 5.0619536 7.3676857 3.7427379 4.2591973 3.3780751 1.8862096 6.6941547 4.1273584 3.7435071 3.6370522 1.7201198 3.7342995 3.4920172 0.0000000 3.8742586 8.9999982 3.5463915 1.4519223 5.6811637 3.5903864 5.2952967 5.0656967 4.7501280 4.3524195 4.8341002 7.1715541 3.0621214 2.9233355 4.0244211 4.8671694 4.8317863 3.8614683 7.3764674 3.7678040 5.6151641 2.8472692 3.7884676 7.0618723 8.9999985 4.2737003 
Montipora_capitata_HIv3___TS.g29815.t1                          1.2440614 2.9134473 0.2248160 0.8697709 0.4464636 0.5056081 0.5991333 0.1886024 0.2045666 4.7775672 8.9999982 0.3444827 2.0260035 0.2106291 0.4526161 5.5256119 1.8972510 0.3173681 1.1476047 1.1365950 1.7125154 0.1729637 3.8742586 0.0000000 0.2789861 0.3711051 6.9449565 5.0592709 0.8283694 2.4257577 6.4076391 0.1922689 0.3855049 0.2626082 6.8340511 0.3541246 0.2417988 0.2851187 2.2558820 2.0544442 0.3224848 0.1645959 0.3931741 0.2721854 0.2427606 0.4281739 6.8138115 7.0380383 1.6681112 
Montastraea_cavernosa_98250                                     1.4560825 2.1828482 1.3177841 3.2212895 0.6535310 0.2495921 3.2235297 0.2739454 4.1838337 3.5750488 3.3636785 0.1630434 2.4229396 0.2530693 0.7496404 5.3677687 2.1249418 0.1559733 1.5808917 1.1714139 1.5193739 0.2186354 8.9999982 0.2789861 0.0000000 0.8157439 4.9327747 2.2898564 0.8545565 2.4139742 3.9220274 0.0967753 0.3448553 0.7526100 8.9999987 0.8157439 0.8157439 0.2496607 2.5332816 2.4782229 1.7893936 0.1510352 0.3311781 0.1138370 0.8157439 0.2769246 5.0228410 6.0563308 1.8556137 
Montastraea_cavernosa_98251                                     1.3172104 2.9124189 0.3225290 0.8879508 0.0000010 0.0000010 0.1036861 0.0000010 0.1471898 4.1345303 8.9999990 0.1229611 1.9732721 0.0000010 0.0000010 3.9799650 1.9237364 0.1457326 1.0930611 0.0000010 1.6879123 0.0000010 3.5463915 0.3711051 0.8157439 0.0000000 0.8212428 3.8314245 0.8355395 2.5251582 6.0954807 0.0000010 0.3342097 1.2601871 6.2768662 0.0688151 0.1435477 0.3293410 2.1389811 4.0844916 0.2960113 4.1069458 0.2930345 0.2621871 0.0259727 0.3246797 6.3809939 7.5314178 1.7566799 
Mnemiopsis_leidyi_1092                                          7.7136938 6.9038177 0.8212428 9.0000000 7.5484034 8.6156111 8.9999988 7.5606995 0.8212428 3.5445710 2.0231466 6.2129544 8.5052308 7.4810431 7.2807548 6.0442146 6.7891099 6.3595858 0.0000010 8.2552624 5.8165229 7.6110940 1.4519223 6.9449565 4.9327747 0.8212428 0.0000000 4.4723216 7.2635550 0.0000010 8.9999990 4.9609359 8.2452549 0.0000010 0.0000010 0.8212428 0.8212428 6.7307643 6.3860638 7.3864873 0.8212428 6.4479889 7.4130150 6.1410359 0.8212428 7.0964729 2.9603161 8.9999986 8.9999988 
Mnemiopsis_leidyi_8832                                          3.4568432 2.7525953 4.2332672 4.3315871 1.3831682 2.0286288 3.3154467 2.0286288 3.6213161 3.8097425 4.3571299 3.7086729 4.0734332 2.0286288 1.4424160 4.1722857 4.1411138 3.7897925 3.9454241 7.0628075 4.4046522 1.9975436 5.6811637 5.0592709 2.2898564 3.8314245 4.4723216 0.0000000 3.7271926 4.7890424 4.4140925 2.0002361 4.3278072 1.9701103 8.9999990 3.6386092 4.6555373 4.3058358 3.6294199 2.2756730 4.0541990 2.0610206 4.3014737 2.0002361 3.4555545 4.2774275 5.6436439 7.7450744 5.3045296 
Nematostella_vectensis_9404                                     1.1832427 2.7163902 0.8064722 0.8111833 0.3931498 1.3355254 1.0471041 0.6922883 0.3807842 4.9128567 8.9999989 0.7233956 2.0735656 0.7264807 0.4527450 5.2274629 2.0283429 0.7149271 1.1937912 1.3161867 1.7186963 0.6170137 3.5903864 0.8283694 0.8545565 0.8355395 7.2635550 3.7271926 0.0000000 2.7809998 5.9470601 0.7013439 0.9341515 0.8754033 6.5672386 0.6477231 0.5072642 0.7822108 2.2511950 2.0559472 0.8208364 0.6219545 0.8368761 0.7980978 0.4905001 0.8741577 6.3404976 6.7243645 1.8080698 
Oscarella_carmela_6571                                          2.9024826 3.9224479 2.3904730 2.7356617 0.0000010 0.0000010 0.9624965 0.0000010 1.6033820 4.3353980 5.5999623 2.4867480 3.2347872 0.0000010 0.0000010 2.4476634 3.2705307 2.6053234 2.6593399 0.0000010 2.9120684 0.0000010 5.2952967 2.4257577 2.4139742 2.5251582 0.0000010 4.7890424 2.7809998 0.0000000 8.9999986 0.0000010 2.9510051 0.0000010 5.6133951 2.6196843 2.6374077 2.5493370 2.5495704 0.0000010 2.5493370 4.2197520 2.6374077 0.0000010 2.5608083 2.7366564 4.7769708 6.2205827 2.8494979 
Oscarella_carmela_18441                                         5.2290726 6.0179805 6.0491567 6.6742146 4.6257308 6.9621784 4.8526605 4.5440803 5.2786933 6.1741861 6.6223998 5.6077125 7.2248142 4.9958642 4.8122509 5.6261537 6.2108745 5.7225466 6.2338980 5.4078862 6.5910638 4.7433501 5.0656967 6.4076391 3.9220274 6.0954807 8.9999990 4.4140925 5.9470601 8.9999986 0.0000000 4.2685313 6.0503452 5.2283425 5.2242122 5.8416018 6.3868806 5.9291382 5.9276429 5.6220650 5.8866259 4.8577410 5.9789942 4.5730297 6.0306704 5.8571630 6.4378437 7.5300342 6.5121552 
Montastraea_faveolata_852                                       1.2568812 2.2612442 0.2476007 0.8213823 0.4874092 0.3665614 3.3896082 0.3471936 0.0000010 3.2462176 1.0521841 0.1092709 2.2003314 0.3769341 0.5839430 6.2495000 1.9551345 0.0810949 0.0000010 1.3689494 1.5354635 0.1673698 4.7501280 0.1922689 0.0967753 0.0000010 4.9609359 2.0002361 0.7013439 0.0000010 4.2685313 0.0000000 0.2121786 0.1784356 8.5643585 0.0000010 0.0000010 0.1627534 2.2725161 2.2330169 0.1936734 0.1698666 0.2053131 0.0382096 0.0000010 0.2100070 5.8538786 5.7935023 1.8596091 
Pocillopora_acuta_HIv2___RNAseq.g20149.t3                       1.2853862 2.9171389 0.4285261 0.9997909 0.4651510 0.7303515 0.6603644 0.3643971 0.1780477 4.4507741 8.9999986 0.3045008 2.1585149 0.3563443 0.4640788 5.9435869 2.0086110 0.2939332 1.1616780 1.2024984 1.7541243 0.0961055 4.3524195 0.3855049 0.3448553 0.3342097 8.2452549 4.3278072 0.9341515 2.9510051 6.0503452 0.2121786 0.0000000 0.2566203 6.6066953 0.3233480 0.0034833 0.3525948 2.2712202 2.1125929 0.3831353 0.2325380 0.0056082 0.2456113 0.1774740 0.1236075 7.0403036 6.6845492 1.9160503 
Porites_astreoides_273                                          1.1345763 2.1632900 0.3647593 0.8659455 0.1790950 2.0053074 0.0000010 2.2087914 0.0000010 3.3449980 0.0000010 0.1885570 1.9129748 2.1620589 0.0000010 8.6824440 1.5761272 0.2135479 0.0000010 0.0000010 1.5597485 0.2259542 4.8341002 0.2626082 0.7526100 1.2601871 0.0000010 1.9701103 0.8754033 0.0000010 5.2283425 0.1784356 0.2566203 0.0000000 7.5511140 0.0000010 0.0000010 0.0280146 1.9664726 1.9664726 0.0304513 0.4205604 0.2566203 0.2253094 0.0000010 0.3001173 6.6887564 7.7082673 2.0040876 
Porites_australiensis_16714                                     6.2823845 5.6079114 7.0071567 6.1372970 1.6862513 5.7741654 5.2815653 4.8865636 6.8333382 5.6268195 6.9211056 6.5113022 7.9472789 4.2206457 0.9333094 6.4281236 7.9749411 6.5958922 5.8632696 1.5218544 8.4291799 6.5530338 7.1715541 6.8340511 8.9999987 6.2768662 0.0000010 8.9999990 6.5672386 5.6133951 5.2242122 8.5643585 6.6066953 7.5511140 0.0000000 6.3414696 6.4701496 7.2618198 5.9403279 5.9239912 6.6262664 8.4391812 6.6148551 6.5932012 7.2866133 6.7396456 4.9747294 4.5461545 6.2754225 
Platygyra_carnosus_34155                                        1.0312798 2.7992781 0.2808918 0.7666129 0.0000010 0.0000010 0.1382751 0.0000010 0.1514594 4.3202907 8.9999988 0.1302122 1.7573927 0.0000010 0.0000010 3.6867269 1.7749592 0.1494449 1.0958980 0.0000010 1.5367826 0.0000010 3.0621214 0.3541246 0.8157439 0.0688151 0.8212428 3.6386092 0.6477231 2.6196843 5.8416018 0.0000010 0.3233480 0.0000010 6.3414696 0.0000000 0.1646482 0.2844428 1.5577912 0.0000010 0.2490324 4.1825122 0.2691484 0.0000010 0.0339833 0.3132346 6.0593791 7.1012579 1.4329882 
Pocillopora_damicornis_2663                                     0.9853510 2.9293050 0.1725953 0.4918182 0.0000010 0.0000010 0.1801487 0.0000010 0.1815134 4.3733711 8.2607105 0.1579607 1.5821765 0.0000010 0.0000010 3.9991225 1.6161310 0.1663206 1.0883332 0.0000010 1.3954319 0.0000010 2.9233355 0.2417988 0.8157439 0.1435477 0.8212428 4.6555373 0.5072642 2.6374077 6.3868806 0.0000010 0.0034833 0.0000010 6.4701496 0.1646482 0.0000000 0.2295010 1.4864754 0.0000010 0.1810641 4.1403030 0.0000010 0.0000010 0.1611484 0.0294980 5.8847369 6.9314109 1.3993395 
Peve_00014560                                                   1.2116522 2.7631889 0.3215062 0.8989132 0.4033404 0.5908062 0.6898912 0.2080087 0.2006199 4.2236139 8.9999988 0.2662273 2.0420440 0.2247720 0.4195429 5.4920184 1.8978166 0.2774904 1.1415921 1.1478883 1.7503834 0.1590153 4.0244211 0.2851187 0.2496607 0.3293410 6.7307643 4.3058358 0.7822108 2.5493370 5.9291382 0.1627534 0.3525948 0.0280146 7.2618198 0.2844428 0.2295010 0.0000000 2.2042527 1.9594787 0.0224398 0.0796601 0.3455869 0.2254066 0.1961430 0.3752414 6.0988585 6.9110228 1.6995106 
Pleurobrachia_pileus_872                                        2.0529258 2.8510195 2.1756946 2.1097028 1.9459134 3.3064022 2.0287950 3.1103360 0.0000010 4.6698701 1.5138476 2.1759255 2.6417978 3.4384632 2.9360250 5.2865099 2.2885579 2.1693426 2.0733660 3.2918712 2.3893963 2.5719312 4.8671694 2.2558820 2.5332816 2.1389811 6.3860638 3.6294199 2.2511950 2.5495704 5.9276429 2.2725161 2.2712202 1.9664726 5.9403279 1.5577912 1.4864754 2.2042527 0.0000000 0.0054653 2.1710295 2.4177795 2.2671410 2.2369212 1.9512675 2.2648196 7.0889094 7.1430614 2.4334164 
Pleurobrachia_pileus_3460                                       1.9565131 2.6227993 2.5541198 2.8690095 1.6310086 3.4992098 9.0000000 2.1964484 0.0000010 3.6582575 1.5138476 1.9615956 2.5902973 2.3488753 1.8454012 5.7440194 2.5423778 1.9805278 0.0000010 2.6622093 2.4640804 2.0528538 4.8317863 2.0544442 2.4782229 4.0844916 7.3864873 2.2756730 2.0559472 0.0000010 5.6220650 2.2330169 2.1125929 1.9664726 5.9239912 0.0000010 0.0000010 1.9594787 0.0054653 0.0000000 2.2684427 1.8243233 2.1075911 1.8699351 0.0000010 2.0968720 7.6199050 8.3527658 2.1657891 
Porites_lobata_345                                              1.2458105 2.8666609 0.3001783 0.8632396 0.5826941 2.9940014 0.2393832 3.9559327 0.1340607 4.0488172 8.4798014 0.2723186 2.0483763 2.7455882 0.0000010 4.6902693 1.8945079 0.2902818 1.0818949 0.8681836 1.7534602 0.2454909 3.8614683 0.3224848 1.7893936 0.2960113 0.8212428 4.0541990 0.8208364 2.5493370 5.8866259 0.1936734 0.3831353 0.0304513 6.6262664 0.2490324 0.1810641 0.0224398 2.1710295 2.2684427 0.0000000 2.8696942 0.3438897 0.3696953 0.1465756 0.3889934 6.3013149 7.4851961 1.8542202 
Porites_lobata_11734                                            1.1224270 2.4169725 4.3821128 4.6171023 0.4301870 0.4728037 3.7146315 0.1273240 4.3821128 4.7596145 8.9999980 0.2183416 2.1280095 0.1283402 0.4195429 5.7832403 1.7607443 0.1991775 5.3675047 1.1309986 1.7474377 0.1521002 7.3764674 0.1645959 0.1510352 4.1069458 6.4479889 2.0610206 0.6219545 4.2197520 4.8577410 0.1698666 0.2325380 0.4205604 8.4391812 4.1825122 4.1403030 0.0796601 2.4177795 1.8243233 2.8696942 0.0000000 0.3089275 0.1527249 4.1825122 0.2617226 6.2455342 5.6339976 1.4700997 
Pocillopora_meandrina_HIv1___RNAseq.g24969.t3                   1.2159220 2.8355392 0.3836322 0.9987288 0.4619411 0.7303515 0.6603644 0.3643971 0.1815134 4.4062539 7.8658086 0.2797204 1.9935396 0.3563443 0.4502000 5.6586708 1.8274129 0.2664987 1.0586220 1.2024984 1.6536142 0.0912368 3.7678040 0.3931741 0.3311781 0.2930345 7.4130150 4.3014737 0.8368761 2.6374077 5.9789942 0.2053131 0.0056082 0.2566203 6.6148551 0.2691484 0.0000010 0.3455869 2.2671410 2.1075911 0.3438897 0.3089275 0.0000000 0.2408307 0.1611484 0.1042174 6.6397922 7.0101199 1.7290574 
Pseudodiploria_strigosa_26008                                   1.2283389 2.3481760 0.5862455 1.3806386 0.4201955 0.6542259 3.7064414 0.2776760 0.0000010 3.2917669 1.0521841 0.1346117 1.9412748 0.2862866 0.4367999 5.7369052 1.7104947 0.1635775 0.0000010 1.2804931 1.5625838 0.1402098 5.6151641 0.2721854 0.1138370 0.2621871 6.1410359 2.0002361 0.7980978 0.0000010 4.5730297 0.0382096 0.2456113 0.2253094 6.5932012 0.0000010 0.0000010 0.2254066 2.2369212 1.8699351 0.3696953 0.1527249 0.2408307 0.0000000 0.0000010 0.2239481 6.7645405 5.7317451 1.5883978 
Pseudodiploria_strigosa_31326                                   1.0362524 2.7220020 0.1583788 0.5219191 0.0000010 0.0000010 0.0410770 0.0000010 0.1462550 3.7390945 8.9999983 0.0541296 1.6626969 0.0000010 0.0000010 4.0464208 1.7389016 0.0766733 1.1763813 0.0000010 1.5855294 0.0000010 2.8472692 0.2427606 0.8157439 0.0259727 0.8212428 3.4555545 0.4905001 2.5608083 6.0306704 0.0000010 0.1774740 0.0000010 7.2866133 0.0339833 0.1611484 0.1961430 1.9512675 0.0000010 0.1465756 4.1825122 0.1611484 0.0000010 0.0000000 0.1714470 5.8567003 7.7096829 1.3393993 
Seriatopora_hystrix_58548                                       1.2246233 2.8323612 0.4151776 1.1528205 0.4489577 0.6791616 0.6377751 0.3160474 0.1988655 4.4516750 8.1279056 0.2956551 2.0410353 0.2856254 0.4065929 5.3321293 1.9198302 0.3002829 1.0818122 1.1220131 1.6807517 0.0685510 3.7884676 0.4281739 0.2769246 0.3246797 7.0964729 4.2774275 0.8741577 2.7366564 5.8571630 0.2100070 0.1236075 0.3001173 6.7396456 0.3132346 0.0294980 0.3752414 2.2648196 2.0968720 0.3889934 0.2617226 0.1042174 0.2239481 0.1714470 0.0000000 6.6018150 6.8784299 1.7374494 
Stylophora_pistillata_9671                                      6.7886726 5.0325252 6.5478125 5.9982412 7.3401963 7.0890074 8.6112167 6.5407510 5.9724905 4.3870731 6.0713903 6.6408454 7.4277571 6.7933742 8.3552676 6.0732516 6.8682920 6.3829571 5.9354055 4.7696777 6.6693722 6.6985971 7.0618723 6.8138115 5.0228410 6.3809939 2.9603161 5.6436439 6.3404976 4.7769708 6.4378437 5.8538786 7.0403036 6.6887564 4.9747294 6.0593791 5.8847369 6.0988585 7.0889094 7.6199050 6.3013149 6.2455342 6.6397922 6.7645405 5.8567003 6.6018150 0.0000000 6.8829842 7.1249510 
Stylophora_pistillata_20115                                     8.2127205 5.9327779 7.8473914 7.1342963 6.2992872 5.3924002 6.2842845 6.2177660 8.4369967 6.7664131 3.7154261 6.8716017 8.9999990 5.4894505 6.7417478 7.7942451 7.9354240 6.8718223 6.5752984 6.5336452 8.6285588 5.6842083 8.9999985 7.0380383 6.0563308 7.5314178 8.9999986 7.7450744 6.7243645 6.2205827 7.5300342 5.7935023 6.6845492 7.7082673 4.5461545 7.1012579 6.9314109 6.9110228 7.1430614 8.3527658 7.4851961 5.6339976 7.0101199 5.7317451 7.7096829 6.8784299 6.8829842 0.0000000 7.5371398 
Trichoplax_adherens_4492                                        1.6663151 3.0914964 1.8190792 2.0995005 1.1899143 2.1368035 2.6562642 1.4327029 1.1050457 6.8230546 8.9999981 1.6903275 2.3512447 1.4986347 1.2738227 5.1397137 2.1181692 1.6563857 1.5745441 1.8359954 2.0324099 1.5650219 4.2737003 1.6681112 1.8556137 1.7566799 8.9999988 5.3045296 1.8080698 2.8494979 6.5121552 1.8596091 1.9160503 2.0040876 6.2754225 1.4329882 1.3993395 1.6995106 2.4334164 2.1657891 1.8542202 1.4700997 1.7290574 1.5883978 1.3393993 1.7374494 7.1249510 7.5371398 0.0000000 
