50
sp|Q5T8I9|HENMT_HUMAN                        0.0000000 1.7557690 1.4768353 1.1714482 3.1546884 3.4739795 1.8826778 4.2278979 3.1802491 1.7762585 1.2278119 1.4701427 3.0806339 1.6410934 1.2087406 3.1117522 3.1410065 3.9595601 5.1466655 1.1732384 3.9926388 3.1863059 1.8238809 1.8385318 4.4132207 4.5332632 1.2907620 2.0204932 4.1070768 3.6092837 1.9139948 3.5062293 2.8815928 4.4658683 2.8052465 1.3941166 4.2018387 2.9218139 1.8860863 1.8594053 3.2070265 4.5685117 1.9115187 3.3494084 2.9721232 3.9891305 4.6081123 2.1071657 3.8620826 3.0759786 
sp|Q9C5Q8|HEN1_ARATH                         1.7557690 0.0000000 1.9479709 1.5860183 3.3833661 3.7289470 1.9427329 4.0726508 3.3689434 1.8583627 1.8480854 1.4092926 2.8975504 1.9524718 1.4463305 2.9206445 3.1629014 2.8703712 3.9134893 1.4332602 3.8606292 4.1755608 1.8667233 1.7887678 4.3897523 3.7042256 1.7114744 2.0464929 3.1030350 3.5506506 1.8314424 2.4700627 3.1507473 3.2022360 3.4165540 1.5898111 4.5399091 2.5955524 1.8554262 2.3338011 3.7464822 4.2807538 1.8304498 3.3235100 3.5494559 4.0225882 3.8616801 1.3721410 3.1608363 3.3078657 
Acropora_digitifera_8011                     1.4768353 1.9479709 0.0000000 0.6296757 3.0976304 3.0091863 0.0236342 3.8504033 3.0151201 0.4085874 1.1373225 0.0286712 2.8110341 0.9742960 0.3369438 2.7279773 3.3273026 4.4190977 4.2878789 0.2810551 4.1986326 3.4667366 0.3399802 0.3837086 4.2916715 4.8334925 0.5793931 1.2527382 4.5744415 3.2039037 0.4763275 3.3621898 3.2472129 4.1055932 3.0557123 0.2960544 3.3035322 2.2084645 0.4921951 1.6085444 3.4529409 4.4683932 0.4757602 3.3472826 2.7100944 4.2037782 4.5630034 0.4882681 4.3407768 3.0223162 
Anthopleura_elegantissima_41462              1.1714482 1.5860183 0.6296757 0.0000000 2.4974870 2.5318547 0.6139805 3.3174713 2.6654885 0.5766904 1.0715638 0.5760751 3.2638353 1.0743827 0.5592816 3.2638353 2.9801940 3.8083520 4.1979832 0.5954006 4.1435728 4.6045455 0.5730030 0.6207937 5.2607548 4.2392000 0.2941445 1.3140407 5.6641195 3.2937546 0.5889645 4.9563599 3.1984303 4.8531329 2.5141253 0.6003179 3.1728275 2.8621843 0.6239484 1.5589516 4.8956792 3.8931091 0.5889645 4.3416409 2.9434452 4.5646099 4.2631852 0.5498256 4.2177294 2.2285743 
Acropora_hyacinthus_6217                     3.1546884 3.3833661 3.0976304 2.4974870 0.0000000 3.7631028 3.3253544 4.4216232 0.0330326 3.1761494 2.4937856 2.8865095 3.6331505 3.1359845 2.3548309 3.4918749 2.9849611 4.3109454 3.8267891 2.7607355 3.6785987 2.9998391 3.0651335 3.3184148 4.0844074 3.3512985 2.7285813 3.5904164 5.1384114 4.1452559 3.1312386 3.0348999 3.1984845 3.9773975 4.2759077 2.9781368 3.8169452 3.6952452 3.3448417 3.5912308 4.1666790 4.1214155 3.1302652 4.2097302 3.6018180 4.5324651 4.6583746 3.0254388 5.2405639 5.2615598 
Acropora_hyacinthus_7117                     3.4739795 3.7289470 3.0091863 2.5318547 3.7631028 0.0000000 3.1423220 4.5031877 3.7289765 3.5753075 3.6320219 2.1055308 4.4692342 3.5103975 2.4496621 4.4389687 4.5125830 4.3720213 5.7922525 2.8823534 3.5524963 3.4095857 3.2296888 3.6190182 3.4649996 6.1210790 2.9835888 3.7914942 4.8849673 3.1382510 3.4640730 3.2243623 3.9221366 4.0784139 3.4073085 3.3351303 4.8182669 3.0224151 3.3974002 4.0462953 3.7786635 5.0034490 3.4787146 3.9983062 3.4455367 5.0431353 3.5470573 3.0752722 4.6506196 4.1053858 
Acropora_millepora_15241                     1.8826778 1.9427329 0.0236342 0.6139805 3.3253544 3.1423220 0.0000000 3.6600225 3.4065794 0.7944759 1.1401085 0.0337314 3.1083648 1.5765308 0.3574162 3.1423763 3.4009392 4.2943543 3.9926706 0.2712638 5.3978991 3.7558159 0.5136264 0.7893073 3.9612275 4.6850312 0.5729558 1.7205119 4.6102872 3.1560136 0.9071390 3.3266074 3.1596065 4.0780845 1.9007990 0.3117209 3.6778927 2.3474142 1.1229451 1.6207789 3.4426679 4.5779420 0.9096606 3.4297546 2.7100944 4.1995001 4.4480710 1.2009053 4.4506025 3.0563809 
Acropora_palmata_4077                        4.2278979 4.0726508 3.8504033 3.3174713 4.4216232 4.5031877 3.6600225 0.0000000 4.3346395 3.2215979 3.8604509 2.9330243 4.7008271 3.7649189 3.0838760 4.6021474 4.6666110 6.5222855 5.1031192 3.6282076 4.5092801 4.8692680 3.5289913 3.3162713 4.6686929 5.5643770 3.0337911 4.1852314 3.9193501 4.5222830 3.3085148 3.2235018 4.3567575 4.2988362 4.6121021 3.0689313 5.3577823 3.8276061 3.6906109 3.7889496 3.1874092 4.2791804 3.3229358 3.6067866 4.4675199 4.3583646 4.9012824 3.3499537 3.2468249 5.9246094 
Acropora_palmata_5363                        3.1802491 3.3689434 3.0151201 2.6654885 0.0330326 3.7289765 3.4065794 4.3346395 0.0000000 3.2354515 2.4983715 2.7292099 3.6495950 3.2812501 2.2333157 3.4330341 3.3587327 4.4192850 4.0464242 2.6565211 3.8030315 3.1824713 3.0967539 3.3622298 3.9622479 3.3898899 2.8125349 3.6786578 5.0492039 4.5142036 3.1851677 3.0349179 3.1984845 3.9986294 4.3466997 2.8988031 3.6594134 3.3168242 3.3229589 3.6041626 4.1111857 4.1600485 3.1843763 4.3986096 3.5384935 4.6230706 4.7916156 3.1347445 5.2290747 5.2429654 
protein|evm.model.chromosome_13.2807         1.7762585 1.8583627 0.4085874 0.5766904 3.1761494 3.5753075 0.7944759 3.2215979 3.2354515 0.0000000 0.9981895 0.4428275 2.9448970 1.3720525 0.0956277 2.9444974 3.0992552 4.4138120 3.7413019 0.0819451 4.6791814 3.6186444 0.6837402 0.2841582 3.9706617 4.4643363 0.5145169 1.6567870 4.2968654 3.3524365 0.5425982 3.6889262 3.2273803 4.1941729 1.6358471 0.0933060 3.7709650 2.3430024 0.9858941 1.7334189 3.3021803 4.1996069 0.5557849 3.6520675 2.8131609 4.3033190 4.3352675 0.6509978 3.9269840 2.8618091 
Amphimedon_queenslandica_1222                1.2278119 1.8480854 1.1373225 1.0715638 2.4937856 3.6320219 1.1401085 3.8604509 2.4983715 0.9981895 0.0000000 1.0228417 2.5112250 0.8665207 0.8687517 2.5002673 3.3027113 3.7896055 3.9990788 0.9834820 3.8477590 3.1689847 1.1280334 1.0124215 4.6323451 4.7425012 1.0775777 1.4126910 3.8517703 3.0978419 1.0866234 4.3041800 3.6262935 4.2389891 3.2049181 0.8994063 3.6075402 2.8182477 1.0939224 1.5788766 3.5590835 4.6663790 1.0862740 3.7113235 3.2584841 4.0401247 4.0509560 0.8878291 3.9625463 3.3357421 
Acropora_tenuis_1596                         1.4701427 1.4092926 0.0286712 0.5760751 2.8865095 2.1055308 0.0337314 2.9330243 2.7292099 0.4428275 1.0228417 0.0000000 3.1443297 1.0638595 0.3741410 3.1443297 3.1640956 3.6246410 4.3164464 0.3225017 4.4673580 3.0771222 0.2811199 0.3850810 2.5519628 4.1732117 0.5600338 1.1613837 4.0763719 2.8067968 0.4285405 7.7793107 3.3703496 4.4860256 3.1248050 0.3720489 4.2992637 2.7623262 0.4889694 1.4985344 5.0686697 4.5787569 0.4163010 4.4571190 2.8755704 3.2505098 4.2083389 0.5135819 3.9905074 1.3906991 
Anemonia_viridis_2187                        3.0806339 2.8975504 2.8110341 3.2638353 3.6331505 4.4692342 3.1083648 4.7008271 3.6495950 2.9448970 2.5112250 3.1443297 0.0000000 3.1258373 2.8957600 0.0046866 2.6069773 3.6916586 3.8620247 2.8876015 4.0934175 2.5486833 3.0078322 2.8708156 4.8051154 3.9611802 2.9069498 4.1009435 2.8709246 4.3801466 2.8603998 2.7583258 2.7877733 3.3585584 4.7647981 2.7310863 4.7160745 3.8264592 3.2315504 3.1149728 2.8289743 4.1392683 2.8579802 3.0919778 2.8449079 4.5093942 4.0397400 3.0061669 2.9218661 3.6174826 
Ephydatia_muelleri_14377                     1.6410934 1.9524718 0.9742960 1.0743827 3.1359845 3.5103975 1.5765308 3.7649189 3.2812501 1.3720525 0.8665207 1.0638595 3.1258373 0.0000000 0.8319787 3.1636804 3.6432950 4.1454672 4.0109533 0.7505729 4.3668010 3.6666324 1.4539402 1.3891246 3.5604508 3.8942982 0.9380314 1.7380406 3.8974431 3.3971316 1.4691760 3.7914664 3.0505317 4.0643428 2.9871703 0.8222913 3.7393638 2.7196914 1.5076934 1.8165798 3.6198322 3.9109808 1.4717414 4.0397157 2.7313262 4.1693907 4.4243775 1.7366461 3.9696949 3.3234140 
Fungia_scutaria_21286                        1.2087406 1.4463305 0.3369438 0.5592816 2.3548309 2.4496621 0.3574162 3.0838760 2.2333157 0.0956277 0.8687517 0.3741410 2.8957600 0.8319787 0.0000000 2.8746451 3.3649617 3.7166720 4.1876173 0.1377928 4.3131093 3.9539515 0.2528674 0.1142160 3.9886899 3.6646787 0.4901675 1.1919587 4.3426959 3.2702313 0.1701696 4.7042645 4.6082645 4.9545686 3.0045255 0.0894999 4.0607354 2.5265121 0.2820289 1.7361475 4.3499563 3.7866864 0.1701696 5.0299681 3.1446741 4.0835186 4.1760450 0.2613889 3.8827399 2.2401962 
Gorgonia_ventalina_21158                     3.1117522 2.9206445 2.7279773 3.2638353 3.4918749 4.4389687 3.1423763 4.6021474 3.4330341 2.9444974 2.5002673 3.1443297 0.0046866 3.1636804 2.8746451 0.0000000 2.5839857 3.7186598 3.9430298 2.8682666 4.0116453 2.5543763 3.0707674 2.8678060 4.9584908 3.9853459 2.9334329 4.1009435 2.8120406 4.3651893 2.9494786 2.6434869 2.8126560 3.2838783 5.0551210 2.7178742 4.2045445 3.8193941 3.3221593 3.0436725 2.8280861 4.1774212 2.9472765 3.0470497 2.8449079 4.3304324 4.0175193 3.2928064 2.9499718 3.7055705 
Gorgonia_ventalina_45179                     3.1410065 3.1629014 3.3273026 2.9801940 2.9849611 4.5125830 3.4009392 4.6666110 3.3587327 3.0992552 3.3027113 3.1640956 2.6069773 3.6432950 3.3649617 2.5839857 0.0000000 4.1220360 4.4299266 2.9858250 3.7161153 3.8335590 3.2857438 3.0738324 6.5428875 4.7183223 2.9181049 3.5962630 3.7001767 4.4500195 3.1783058 2.7445803 3.7221967 3.3957103 4.1795450 2.8313160 6.0534991 3.7833077 2.9423574 4.0879129 3.2567124 4.1506308 3.2378210 3.5945879 4.0036427 4.5817906 4.2907405 3.6152820 3.4267125 4.8536972 
Hydra_magnapapillata_4436                    3.9595601 2.8703712 4.4190977 3.8083520 4.3109454 4.3720213 4.2943543 6.5222855 4.4192850 4.4138120 3.7896055 3.6246410 3.6916586 4.1454672 3.7166720 3.7186598 4.1220360 0.0000000 5.7161322 3.9369358 4.6161663 4.1736580 4.1059334 4.3320463 3.6061363 5.0552948 3.8396739 3.3325499 3.8009859 6.2048732 4.0528607 4.6363319 4.0276751 4.7587803 6.0500467 3.9808704 3.2219076 4.3060676 4.4752563 4.3312726 4.2466781 5.3310057 4.0479725 3.8099511 4.9329866 5.8604070 3.7670914 3.7062564 5.2444825 6.8501499 
Hydra_magnapapillata_14647                   5.1466655 3.9134893 4.2878789 4.1979832 3.8267891 5.7922525 3.9926706 5.1031192 4.0464242 3.7413019 3.9990788 4.3164464 3.8620247 4.0109533 4.1876173 3.9430298 4.4299266 5.7161322 0.0000000 3.7735857 5.0712091 4.1024603 3.9745808 3.5713428 4.9277532 4.7606979 3.9114127 4.8030660 3.7375231 4.8721352 3.8074283 3.5476192 4.8587036 3.7246163 4.6538711 4.2480906 3.6203085 4.0685152 4.1617077 4.0997009 4.3974337 4.0721156 3.8325214 3.8211708 6.0986919 5.2035416 4.4967467 3.5576667 4.0140838 5.2281193 
Madracis_auretenra_19810                     1.1732384 1.4332602 0.2810551 0.5954006 2.7607355 2.8823534 0.2712638 3.6282076 2.6565211 0.0819451 0.9834820 0.3225017 2.8876015 0.7505729 0.1377928 2.8682666 2.9858250 3.9369358 3.7735857 0.0000000 3.9310288 3.8116994 0.2018613 0.0995408 4.4114204 3.7048212 0.5145201 1.0606278 4.4224237 3.5407559 0.1069715 3.6001800 3.1128991 4.2265376 2.9991907 0.1294137 3.2407489 2.6782124 0.2410869 1.5772291 3.8114394 4.0974406 0.1069715 4.4993603 3.0600273 4.3823558 4.3542890 0.1194950 4.0926386 2.5916593 
Monosiga_brevicollis_834                     3.9926388 3.8606292 4.1986326 4.1435728 3.6785987 3.5524963 5.3978991 4.5092801 3.8030315 4.6791814 3.8477590 4.4673580 4.0934175 4.3668010 4.3131093 4.0116453 3.7161153 4.6161663 5.0712091 3.9310288 0.0000000 5.0944588 5.1519236 4.7658044 4.4935075 4.8919192 4.2592798 5.0933585 4.2158342 4.9219073 4.7267085 4.3992578 3.4960372 4.8150115 5.0940493 4.0979727 4.0809559 4.6403691 4.6578328 5.0387022 4.1137633 4.9170298 4.7131852 4.4478508 3.4794965 3.7140652 4.2883366 4.5870513 4.3017953 4.9718071 
Monosiga_brevicollis_3001                    3.1863059 4.1755608 3.4667366 4.6045455 2.9998391 3.4095857 3.7558159 4.8692680 3.1824713 3.6186444 3.1689847 3.0771222 2.5486833 3.6666324 3.9539515 2.5543763 3.8335590 4.1736580 4.1024603 3.8116994 5.0944588 0.0000000 3.8307986 3.4569866 3.2945618 5.0858015 3.5638157 4.7925494 4.0592754 4.5473772 3.6368853 2.5559718 5.0646693 3.0263781 3.3931147 3.4032900 4.7403182 3.5448321 3.9576230 3.2353115 2.9185162 4.2095731 3.5698033 3.3333243 4.5622417 3.9161571 4.6272406 2.8336789 4.3563200 5.2400741 
Montipora_capitata_HIv3___TS.g46924.t1       1.8238809 1.8667233 0.3399802 0.5730030 3.0651335 3.2296888 0.5136264 3.5289913 3.0967539 0.6837402 1.1280334 0.2811199 3.0078322 1.4539402 0.2528674 3.0707674 3.2857438 4.1059334 3.9745808 0.2018613 5.1519236 3.8307986 0.0000000 0.6595742 3.9755059 4.4152427 0.5160765 1.7795080 4.5049144 3.2906651 0.7865718 3.5014823 3.1362729 4.2988009 1.9391545 0.2422622 3.1318249 2.3463268 0.8934746 1.7152088 3.4279465 4.5289287 0.7817296 3.3522440 2.6072865 4.4015985 4.0560371 0.9609712 4.3252414 2.9205278 
Montastraea_cavernosa_88910                  1.8385318 1.7887678 0.3837086 0.6207937 3.3184148 3.6190182 0.7893073 3.3162713 3.3622298 0.2841582 1.0124215 0.3850810 2.8708156 1.3891246 0.1142160 2.8678060 3.0738324 4.3320463 3.5713428 0.0995408 4.7658044 3.4569866 0.6595742 0.0000000 3.9321261 4.3665359 0.4973851 1.6387253 4.2776703 3.3698075 0.5679285 3.5007163 3.0275830 4.2314420 1.6212415 0.0385123 3.7586960 2.5030813 1.0034395 1.7651035 3.4945421 4.1529273 0.5819033 3.7427041 2.6425707 4.1017919 4.2274460 0.6448865 3.8686339 2.7935052 
Mnemiopsis_leidyi_7587                       4.4132207 4.3897523 4.2916715 5.2607548 4.0844074 3.4649996 3.9612275 4.6686929 3.9622479 3.9706617 4.6323451 2.5519628 4.8051154 3.5604508 3.9886899 4.9584908 6.5428875 3.6061363 4.9277532 4.4114204 4.4935075 3.2945618 3.9755059 3.9321261 0.0000000 5.0341738 4.0928038 4.7433817 4.7309756 4.9206643 4.3453969 5.2744655 2.7098451 5.2581324 4.2936772 4.2309378 3.2511517 3.9940744 3.7340290 4.0540410 3.9020119 4.9966349 4.3648241 4.4475307 2.8609008 4.3539525 4.5297197 3.6658014 4.7796029 5.5776810 
Mnemiopsis_leidyi_8668                       4.5332632 3.7042256 4.8334925 4.2392000 3.3512985 6.1210790 4.6850312 5.5643770 3.3898899 4.4643363 4.7425012 4.1732117 3.9611802 3.8942982 3.6646787 3.9853459 4.7183223 5.0552948 4.7606979 3.7048212 4.8919192 5.0858015 4.4152427 4.3665359 5.0341738 0.0000000 4.7597529 4.2089758 4.0559138 4.8820821 4.2478847 4.3050242 2.7108660 4.3350907 4.1211216 4.2076288 5.2310620 4.6824218 4.6044812 4.9899185 5.5902295 5.1749453 4.2717687 5.3192959 3.8516856 5.3644123 5.5439312 2.3250940 4.0865835 4.5263306 
Nematostella_vectensis_10022                 1.2907620 1.7114744 0.5793931 0.2941445 2.7285813 2.9835888 0.5729558 3.0337911 2.8125349 0.5145169 1.0775777 0.5600338 2.9069498 0.9380314 0.4901675 2.9334329 2.9181049 3.8396739 3.9114127 0.5145201 4.2592798 3.5638157 0.5160765 0.4973851 4.0928038 4.7597529 0.0000000 1.3049839 4.0509187 3.4349702 0.5011494 3.6226105 2.1296658 4.0587588 3.2064973 0.4681407 3.7053110 2.8633516 0.5969900 1.4244521 3.7338658 3.9105860 0.5004430 3.7385613 2.5124193 4.3097037 4.1181011 0.5214622 4.0133967 2.9528129 
Oscarella_carmela_9499                       2.0204932 2.0464929 1.2527382 1.3140407 3.5904164 3.7914942 1.7205119 4.1852314 3.6786578 1.6567870 1.4126910 1.1613837 4.1009435 1.7380406 1.1919587 4.1009435 3.5962630 3.3325499 4.8030660 1.0606278 5.0933585 4.7925494 1.7795080 1.6387253 4.7433817 4.2089758 1.3049839 0.0000000 5.3770725 2.8243974 1.8117889 6.3244624 2.5419121 4.4847156 2.6316450 1.3569537 3.9485310 3.4492261 1.6871121 1.9517412 4.4319910 4.0833831 1.8135802 4.1834388 3.0866441 4.5857162 3.5109785 1.5865653 4.9043777 3.1410197 
Montastraea_faveolata_548                    4.1070768 3.1030350 4.5744415 5.6641195 5.1384114 4.8849673 4.6102872 3.9193501 5.0492039 4.2968654 3.8517703 4.0763719 2.8709246 3.8974431 4.3426959 2.8120406 3.7001767 3.8009859 3.7375231 4.4224237 4.2158342 4.0592754 4.5049144 4.2776703 4.7309756 4.0559138 4.0509187 5.3770725 0.0000000 4.5517753 4.5397226 3.5313058 4.5859146 3.0461554 3.3744942 3.6769028 3.8399219 3.9541300 4.4663885 4.1567264 2.8736242 4.1973153 4.5494068 2.9993958 4.2104230 3.8958346 5.7414808 3.8635626 1.3876827 4.3596064 
Montastraea_faveolata_1613                   3.6092837 3.5506506 3.2039037 3.2937546 4.1452559 3.1382510 3.1560136 4.5222830 4.5142036 3.3524365 3.0978419 2.8067968 4.3801466 3.3971316 3.2702313 4.3651893 4.4500195 6.2048732 4.8721352 3.5407559 4.9219073 4.5473772 3.2906651 3.3698075 4.9206643 4.8820821 3.4349702 2.8243974 4.5517753 0.0000000 3.2448557 3.0727317 2.6371071 4.7065971 4.0373917 3.4730714 5.3807790 4.6585052 3.3242026 3.3349679 4.2849245 3.5929636 3.2448557 3.8175337 5.2286796 7.4284171 4.9698760 3.2021798 4.8129185 4.4734927 
Pocillopora_acuta_HIv2___RNAseq.g13353.t1    1.9139948 1.8314424 0.4763275 0.5889645 3.1312386 3.4640730 0.9071390 3.3085148 3.1851677 0.5425982 1.0866234 0.4285405 2.8603998 1.4691760 0.1701696 2.9494786 3.1783058 4.0528607 3.8074283 0.1069715 4.7267085 3.6368853 0.7865718 0.5679285 4.3453969 4.2478847 0.5011494 1.8117889 4.5397226 3.2448557 0.0000000 3.6070483 2.5613798 4.0414444 1.8513442 0.2104517 4.1654253 2.4962216 0.9909992 1.7678527 3.4197562 3.9357747 0.0195346 3.7519954 2.5319108 3.8466324 4.1587938 0.3094702 4.0103423 2.8192691 
Porites_astreoides_12661                     3.5062293 2.4700627 3.3621898 4.9563599 3.0348999 3.2243623 3.3266074 3.2235018 3.0349179 3.6889262 4.3041800 7.7793107 2.7583258 3.7914664 4.7042645 2.6434869 2.7445803 4.6363319 3.5476192 3.6001800 4.3992578 2.5559718 3.5014823 3.5007163 5.2744655 4.3050242 3.6226105 6.3244624 3.5313058 3.0727317 3.6070483 0.0000000 3.4331527 0.4143790 2.4621712 3.6387790 4.0376937 3.1836268 3.6827926 3.3280924 2.8869813 3.8883486 3.6283565 2.6806629 3.9805608 4.1344960 4.6290199 0.0000010 3.7290446 4.2098413 
Porites_astreoides_15411                     2.8815928 3.1507473 3.2472129 3.1984303 3.1984845 3.9221366 3.1596065 4.3567575 3.1984845 3.2273803 3.6262935 3.3703496 2.7877733 3.0505317 4.6082645 2.8126560 3.7221967 4.0276751 4.8587036 3.1128991 3.4960372 5.0646693 3.1362729 3.0275830 2.7098451 2.7108660 2.1296658 2.5419121 4.5859146 2.6371071 2.5613798 3.4331527 0.0000000 3.3035240 3.0356984 1.8315838 7.0059363 1.7629198 3.0872060 5.0066696 1.6161350 4.5348502 2.5374291 3.2592039 0.1543215 1.4927590 3.9353879 3.1984303 4.5965171 3.8662739 
Porites_australiensis_4208                   4.4658683 3.2022360 4.1055932 4.8531329 3.9773975 4.0784139 4.0780845 4.2988362 3.9986294 4.1941729 4.2389891 4.4860256 3.3585584 4.0643428 4.9545686 3.2838783 3.3957103 4.7587803 3.7246163 4.2265376 4.8150115 3.0263781 4.2988009 4.2314420 5.2581324 4.3350907 4.0587588 4.4847156 3.0461554 4.7065971 4.0414444 0.4143790 3.3035240 0.0000000 4.1507309 4.2367542 4.1849592 3.7876236 4.5604784 3.6325862 3.0477539 4.1871823 4.0387159 3.2804552 3.8721794 3.8994136 4.3350092 3.8651701 4.0023388 3.9086291 
Porites_australiensis_14544                  2.8052465 3.4165540 3.0557123 2.5141253 4.2759077 3.4073085 1.9007990 4.6121021 4.3466997 1.6358471 3.2049181 3.1248050 4.7647981 2.9871703 3.0045255 5.0551210 4.1795450 6.0500467 4.6538711 2.9991907 5.0940493 3.3931147 1.9391545 1.6212415 4.2936772 4.1211216 3.2064973 2.6316450 3.3744942 4.0373917 1.8513442 2.4621712 3.0356984 4.1507309 0.0000000 3.5168007 5.4073856 4.3765849 3.6260286 3.2566169 3.8986535 5.0180709 1.8524763 4.0275781 4.3037545 5.6524390 4.1478698 1.6393311 3.6867472 4.1412727 
Platygyra_carnosus_39012                     1.3941166 1.5898111 0.2960544 0.6003179 2.9781368 3.3351303 0.3117209 3.0689313 2.8988031 0.0933060 0.8994063 0.3720489 2.7310863 0.8222913 0.0894999 2.7178742 2.8313160 3.9808704 4.2480906 0.1294137 4.0979727 3.4032900 0.2422622 0.0385123 4.2309378 4.2076288 0.4681407 1.3569537 3.6769028 3.4730714 0.2104517 3.6387790 1.8315838 4.2367542 3.5168007 0.0000000 3.7919703 2.6167336 0.2760042 1.6652110 3.7431693 3.8088088 0.2100713 4.0867766 2.4850460 4.1509017 3.9934385 0.2506459 3.5530374 2.5120645 
Pocillopora_damicornis_7766                  4.2018387 4.5399091 3.3035322 3.1728275 3.8169452 4.8182669 3.6778927 5.3577823 3.6594134 3.7709650 3.6075402 4.2992637 4.7160745 3.7393638 4.0607354 4.2045445 6.0534991 3.2219076 3.6203085 3.2407489 4.0809559 4.7403182 3.1318249 3.7586960 3.2511517 5.2310620 3.7053110 3.9485310 3.8399219 5.3807790 4.1654253 4.0376937 7.0059363 4.1849592 5.4073856 3.7919703 0.0000000 2.6705994 4.5702734 3.1624168 3.1139139 3.8868293 4.1973921 3.1377770 7.5194552 4.6768655 4.6719449 4.2789473 3.8002218 3.7102495 
Pocillopora_damicornis_22843                 2.9218139 2.5955524 2.2084645 2.8621843 3.6952452 3.0224151 2.3474142 3.8276061 3.3168242 2.3430024 2.8182477 2.7623262 3.8264592 2.7196914 2.5265121 3.8193941 3.7833077 4.3060676 4.0685152 2.6782124 4.6403691 3.5448321 2.3463268 2.5030813 3.9940744 4.6824218 2.8633516 3.4492261 3.9541300 4.6585052 2.4962216 3.1836268 1.7629198 3.7876236 4.3765849 2.6167336 2.6705994 0.0000000 2.5838761 2.3511866 3.1714666 5.7204462 2.4962216 3.6217276 3.4491078 5.2058750 3.8326966 2.9894319 3.7029949 3.1564479 
Peve_00023282                                1.8860863 1.8554262 0.4921951 0.6239484 3.3448417 3.3974002 1.1229451 3.6906109 3.3229589 0.9858941 1.0939224 0.4889694 3.2315504 1.5076934 0.2820289 3.3221593 2.9423574 4.4752563 4.1617077 0.2410869 4.6578328 3.9576230 0.8934746 1.0034395 3.7340290 4.6044812 0.5969900 1.6871121 4.4663885 3.3242026 0.9909992 3.6827926 3.0872060 4.5604784 3.6260286 0.2760042 4.5702734 2.5838761 0.0000000 1.7537169 3.5632481 4.4841567 0.9816885 3.5157090 2.7850524 4.1585367 4.2436873 1.5019613 3.6525932 3.1742403 
Pleurobrachia_pileus_5219                    1.8594053 2.3338011 1.6085444 1.5589516 3.5912308 4.0462953 1.6207789 3.7889496 3.6041626 1.7334189 1.5788766 1.4985344 3.1149728 1.8165798 1.7361475 3.0436725 4.0879129 4.3312726 4.0997009 1.5772291 5.0387022 3.2353115 1.7152088 1.7651035 4.0540410 4.9899185 1.4244521 1.9517412 4.1567264 3.3349679 1.7678527 3.3280924 5.0066696 3.6325862 3.2566169 1.6652110 3.1624168 2.3511866 1.7537169 0.0000000 3.6787544 4.9215016 1.7674666 3.8267667 4.3606767 4.9236228 4.6382186 1.6990558 3.8755159 3.6606728 
Porites_lobata_12411                         3.2070265 3.7464822 3.4529409 4.8956792 4.1666790 3.7786635 3.4426679 3.1874092 4.1111857 3.3021803 3.5590835 5.0686697 2.8289743 3.6198322 4.3499563 2.8280861 3.2567124 4.2466781 4.3974337 3.8114394 4.1137633 2.9185162 3.4279465 3.4945421 3.9020119 5.5902295 3.7338658 4.4319910 2.8736242 4.2849245 3.4197562 2.8869813 1.6161350 3.0477539 3.8986535 3.7431693 3.1139139 3.1714666 3.5632481 3.6787544 0.0000000 4.2890129 3.4326500 0.7600069 3.3671204 4.6129459 4.5723823 3.2299591 2.9934938 3.7835930 
Porites_lobata_13789                         4.5685117 4.2807538 4.4683932 3.8931091 4.1214155 5.0034490 4.5779420 4.2791804 4.1600485 4.1996069 4.6663790 4.5787569 4.1392683 3.9109808 3.7866864 4.1774212 4.1506308 5.3310057 4.0721156 4.0974406 4.9170298 4.2095731 4.5289287 4.1529273 4.9966349 5.1749453 3.9105860 4.0833831 4.1973153 3.5929636 3.9357747 3.8883486 4.5348502 4.1871823 5.0180709 3.8088088 3.8868293 5.7204462 4.4841567 4.9215016 4.2890129 0.0000000 3.8938706 3.9268650 4.1896265 4.5889426 3.8599717 4.0553639 4.1469039 4.0652895 
Pocillopora_meandrina_HIv1___RNAseq.g7234.t1 1.9115187 1.8304498 0.4757602 0.5889645 3.1302652 3.4787146 0.9096606 3.3229358 3.1843763 0.5557849 1.0862740 0.4163010 2.8579802 1.4717414 0.1701696 2.9472765 3.2378210 4.0479725 3.8325214 0.1069715 4.7131852 3.5698033 0.7817296 0.5819033 4.3648241 4.2717687 0.5004430 1.8135802 4.5494068 3.2448557 0.0195346 3.6283565 2.5374291 4.0387159 1.8524763 0.2100713 4.1973921 2.4962216 0.9816885 1.7674666 3.4326500 3.8938706 0.0000000 3.7529327 2.5153072 3.8294560 4.1786062 0.3091528 3.9846056 2.8111620 
Pseudodiploria_strigosa_5495                 3.3494084 3.3235100 3.3472826 4.3416409 4.2097302 3.9983062 3.4297546 3.6067866 4.3986096 3.6520675 3.7113235 4.4571190 3.0919778 4.0397157 5.0299681 3.0470497 3.5945879 3.8099511 3.8211708 4.4993603 4.4478508 3.3333243 3.3522440 3.7427041 4.4475307 5.3192959 3.7385613 4.1834388 2.9993958 3.8175337 3.7519954 2.6806629 3.2592039 3.2804552 4.0275781 4.0867766 3.1377770 3.6217276 3.5157090 3.8267667 0.7600069 3.9268650 3.7529327 0.0000000 4.2955140 3.9390463 4.0552141 4.1318460 3.1270033 3.6546800 
Pseudodiploria_strigosa_21427                2.9721232 3.5494559 2.7100944 2.9434452 3.6018180 3.4455367 2.7100944 4.4675199 3.5384935 2.8131609 3.2584841 2.8755704 2.8449079 2.7313262 3.1446741 2.8449079 4.0036427 4.9329866 6.0986919 3.0600273 3.4794965 4.5622417 2.6072865 2.6425707 2.8609008 3.8516856 2.5124193 3.0866441 4.2104230 5.2286796 2.5319108 3.9805608 0.1543215 3.8721794 4.3037545 2.4850460 7.5194552 3.4491078 2.7850524 4.3606767 3.3671204 4.1896265 2.5153072 4.2955140 0.0000000 3.5501166 3.7479633 3.0424480 4.0581493 4.0299488 
Seriatopora_hystrix_45169                    3.9891305 4.0225882 4.2037782 4.5646099 4.5324651 5.0431353 4.1995001 4.3583646 4.6230706 4.3033190 4.0401247 3.2505098 4.5093942 4.1693907 4.0835186 4.3304324 4.5817906 5.8604070 5.2035416 4.3823558 3.7140652 3.9161571 4.4015985 4.1017919 4.3539525 5.3644123 4.3097037 4.5857162 3.8958346 7.4284171 3.8466324 4.1344960 1.4927590 3.8994136 5.6524390 4.1509017 4.6768655 5.2058750 4.1585367 4.9236228 4.6129459 4.5889426 3.8294560 3.9390463 3.5501166 0.0000000 4.0559929 3.5551645 4.0639604 4.9659968 
Seriatopora_hystrix_84193                    4.6081123 3.8616801 4.5630034 4.2631852 4.6583746 3.5470573 4.4480710 4.9012824 4.7916156 4.3352675 4.0509560 4.2083389 4.0397400 4.4243775 4.1760450 4.0175193 4.2907405 3.7670914 4.4967467 4.3542890 4.2883366 4.6272406 4.0560371 4.2274460 4.5297197 5.5439312 4.1181011 3.5109785 5.7414808 4.9698760 4.1587938 4.6290199 3.9353879 4.3350092 4.1478698 3.9934385 4.6719449 3.8326966 4.2436873 4.6382186 4.5723823 3.8599717 4.1786062 4.0552141 3.7479633 4.0559929 0.0000000 3.7591829 5.3059920 5.2478879 
Stylophora_pistillata_4803                   2.1071657 1.3721410 0.4882681 0.5498256 3.0254388 3.0752722 1.2009053 3.3499537 3.1347445 0.6509978 0.8878291 0.5135819 3.0061669 1.7366461 0.2613889 3.2928064 3.6152820 3.7062564 3.5576667 0.1194950 4.5870513 2.8336789 0.9609712 0.6448865 3.6658014 2.3250940 0.5214622 1.5865653 3.8635626 3.2021798 0.3094702 0.0000010 3.1984303 3.8651701 1.6393311 0.2506459 4.2789473 2.9894319 1.5019613 1.6990558 3.2299591 4.0553639 0.3091528 4.1318460 3.0424480 3.5551645 3.7591829 0.0000000 3.7972405 1.7539225 
Trichoplax_adherens_1270                     3.8620826 3.1608363 4.3407768 4.2177294 5.2405639 4.6506196 4.4506025 3.2468249 5.2290747 3.9269840 3.9625463 3.9905074 2.9218661 3.9696949 3.8827399 2.9499718 3.4267125 5.2444825 4.0140838 4.0926386 4.3017953 4.3563200 4.3252414 3.8686339 4.7796029 4.0865835 4.0133967 4.9043777 1.3876827 4.8129185 4.0103423 3.7290446 4.5965171 4.0023388 3.6867472 3.5530374 3.8002218 3.7029949 3.6525932 3.8755159 2.9934938 4.1469039 3.9846056 3.1270033 4.0581493 4.0639604 5.3059920 3.7972405 0.0000000 4.7562209 
Trichoplax_adherens_9951                     3.0759786 3.3078657 3.0223162 2.2285743 5.2615598 4.1053858 3.0563809 5.9246094 5.2429654 2.8618091 3.3357421 1.3906991 3.6174826 3.3234140 2.2401962 3.7055705 4.8536972 6.8501499 5.2281193 2.5916593 4.9718071 5.2400741 2.9205278 2.7935052 5.5776810 4.5263306 2.9528129 3.1410197 4.3596064 4.4734927 2.8192691 4.2098413 3.8662739 3.9086291 4.1412727 2.5120645 3.7102495 3.1564479 3.1742403 3.6606728 3.7835930 4.0652895 2.8111620 3.6546800 4.0299488 4.9659968 5.2478879 1.7539225 4.7562209 0.0000000 
