34
sp|Q9NRR4|RNC_HUMAN                          0.0000000 0.8661158 0.9277583 6.2145346 1.0400858 5.4128819 1.5444710 7.2222666 3.9476315 4.2482611 2.4540839 1.0035501 1.3668789 1.8777865 0.6547787 5.6613656 1.5378932 1.0039653 6.3709937 1.1011330 4.6491480 1.5378830 6.7198688 1.1767765 0.6274521 4.2180789 1.5457146 5.7215771 0.5250144 1.4815233 0.7992439 0.8515439 1.3959118 1.3353471 
Acropora_digitifera_14627                    0.8661158 0.0000000 0.6286228 7.8094362 0.0209386 6.5795412 0.4119235 6.6877406 3.5628632 2.9677973 1.6180398 0.3263966 0.7317981 1.5686949 0.2263423 5.8473631 0.3098532 0.3162135 6.0623399 0.5123318 4.0981716 0.3120582 6.1597904 0.4860737 0.1190204 4.0359298 0.4824690 6.4024631 0.0000010 0.2734508 0.1497461 0.2640869 0.2538814 1.1897783 
Anthopleura_elegantissima_3336               0.9277583 0.6286228 0.0000000 7.3795252 0.6381476 6.2886415 0.5146848 7.3551475 3.0264188 3.3047746 1.9142858 0.5166707 1.8999705 1.2939339 0.9763743 5.3719867 0.6069883 0.5042256 5.3153162 0.3971121 2.8026266 0.6434565 6.7305581 0.5788250 1.6400675 4.3311164 0.5727895 7.0094639 1.8674576 0.5404443 0.4069719 0.5282035 0.5458958 0.9526707 
Acropora_hyacinthus_5154                     6.2145346 7.8094362 7.3795252 0.0000000 6.5965291 6.4656532 6.0280969 8.0594078 8.9999988 8.9999989 8.2278222 5.6428157 3.7118570 8.9999988 5.2758837 8.2245590 6.1559735 6.0699648 7.3286662 6.4366825 7.8738252 5.4685024 7.2320072 5.8889465 3.6220715 6.6143616 5.8539799 8.9999989 3.8604303 5.5268150 2.3551335 7.0370074 5.8880911 8.6791291 
Acropora_millepora_6732                      1.0400858 0.0209386 0.6381476 6.5965291 0.0000000 6.2414900 0.3601196 6.5021544 3.5628632 3.2845956 2.1830430 0.3147079 1.0454900 1.5638079 0.1648360 5.6457483 0.2551214 0.3206082 5.6347771 0.6719661 3.9812706 0.3567094 4.9556319 0.3664672 0.1759959 3.9812815 0.3587058 5.8341167 0.0966168 0.3334612 0.1392408 0.2610572 0.3234880 1.1726839 
Acropora_palmata_5159                        5.4128819 6.5795412 6.2886415 6.4656532 6.2414900 0.0000000 6.6751851 8.9999981 8.9999988 8.9999986 4.0791471 6.3500908 4.6460395 5.1569881 5.0951094 7.3736080 6.4402580 6.6202747 5.8016808 5.9252623 4.0354979 5.8948752 7.9028665 6.5605891 3.8387754 5.6743791 6.8452037 7.3954389 2.3973019 5.8948752 3.8966863 6.9743623 6.2459070 5.7790553 
protein|evm.model.chromosome_13.2968         1.5444710 0.4119235 0.5146848 6.0280969 0.3601196 6.6751851 0.0000000 7.1324259 3.4790324 3.1550203 2.4120880 0.0734412 0.9303535 1.6687928 0.0593776 5.9511254 0.7910918 0.0983952 5.8074309 0.6456567 4.0350507 0.4737725 4.7734350 0.3401539 0.0690558 4.2519053 0.6244695 6.2093746 0.0417540 0.4476692 0.0394550 0.1511013 0.3758710 1.2094735 
Amphimedon_queenslandica_9617                7.2222666 6.6877406 7.3551475 8.0594078 6.5021544 8.9999981 7.1324259 0.0000000 6.4820768 6.8257842 7.3524858 6.7118192 6.3952274 8.1101979 7.6990147 8.9999986 6.7133746 6.7080274 7.0782120 6.3614965 7.1324541 7.3294840 8.9999990 7.0510701 8.9999987 8.1665928 7.1658482 8.6653140 7.3434333 7.2166543 7.0618983 6.8389984 7.2808626 7.4415317 
Acropora_tenuis_12690                        3.9476315 3.5628632 3.0264188 8.9999988 3.5628632 8.9999988 3.4790324 6.4820768 0.0000000 4.2624647 3.6591500 3.3941485 0.0000010 4.7347477 8.2832549 4.7659668 4.0315793 3.3248325 6.5644972 3.2636215 4.4016124 4.6701416 7.8967156 3.1857288 0.0000010 3.7106023 3.6892855 5.7821131 0.0000010 3.6125394 4.2569587 3.5132031 3.5132031 3.0506551 
Anemonia_viridis_1537                        4.2482611 2.9677973 3.3047746 8.9999989 3.2845956 8.9999986 3.1550203 6.8257842 4.2624647 0.0000000 4.0339474 3.4023629 5.1573098 3.9447893 3.3498446 3.2289838 3.2398993 3.0148064 8.3612262 4.0964928 1.4675610 3.6990403 8.9999984 3.1894087 2.4798296 0.9628841 3.2061175 8.9999988 2.4798296 3.1111977 0.0000010 2.9956208 3.2036791 3.3026627 
Ephydatia_muelleri_14673                     2.4540839 1.6180398 1.9142858 8.2278222 2.1830430 4.0791471 2.4120880 7.3524858 3.6591500 4.0339474 0.0000000 2.1094642 2.6233329 1.7016436 1.3251634 4.9447273 2.4033423 2.1014147 5.7696309 2.3171951 3.9241721 2.4700063 5.4737488 2.2976708 1.7444131 4.9194717 2.3926385 6.8344925 1.4057772 2.3707019 1.7550606 1.5730247 2.4104502 1.6738692 
Fungia_scutaria_62827                        1.0035501 0.3263966 0.5166707 5.6428157 0.3147079 6.3500908 0.0734412 6.7118192 3.3941485 3.4023629 2.1094642 0.0000000 0.9778318 1.6738862 0.0650046 5.7611586 0.3092075 0.1119477 5.6837917 0.5913029 3.8341789 0.2164080 4.8344299 0.2451112 0.0633267 4.3634375 0.2408871 6.0798567 0.0630714 0.2009035 0.0555454 0.1717244 0.2038571 1.2375413 
Gorgonia_ventalina_70988                     1.3668789 0.7317981 1.8999705 3.7118570 1.0454900 4.6460395 0.9303535 6.3952274 0.0000010 5.1573098 2.6233329 0.9778318 0.0000000 1.0219927 0.4920297 6.8757867 1.0467385 0.9898810 5.3656911 1.0800635 4.9067124 0.9875976 3.6620965 1.0293143 0.5257192 9.0000000 1.0288877 4.9765527 0.4589396 0.9717550 2.2761354 0.6113178 0.9840839 1.2320300 
Hydra_magnapapillata_10769                   1.8777865 1.5686949 1.2939339 8.9999988 1.5638079 5.1569881 1.6687928 8.1101979 4.7347477 3.9447893 1.7016436 1.6738862 1.0219927 0.0000000 2.2625411 5.6930111 1.6219572 1.7014617 5.9424504 1.8436780 5.3831778 2.1093936 7.2490849 1.6573766 2.6040046 3.2941357 1.6631106 8.3171138 0.0000010 1.7312861 0.0000010 1.6508841 1.6475553 1.9489659 
Madracis_auretenra_33480                     0.6547787 0.2263423 0.9763743 5.2758837 0.1648360 5.0951094 0.0593776 7.6990147 8.2832549 3.3498446 1.3251634 0.0650046 0.4920297 2.2625411 0.0000000 6.9298297 0.1159320 0.1070419 6.1010309 0.3934171 4.4049848 0.0690692 3.3992261 0.1044564 0.0755821 0.0000010 0.0997048 4.6918855 0.0427028 0.0640309 0.0000010 0.1110866 0.0586532 1.4273979 
Monosiga_brevicollis_1963                    5.6613656 5.8473631 5.3719867 8.2245590 5.6457483 7.3736080 5.9511254 8.9999986 4.7659668 3.2289838 4.9447273 5.7611586 6.8757867 5.6930111 6.9298297 0.0000000 5.5900123 5.7148670 8.6873712 5.1827163 6.8469818 6.0017441 6.8508322 6.1787576 5.7830784 4.5680625 5.9696108 8.7196963 5.8855827 5.5395482 5.0475155 5.8636856 5.6854235 5.4838339 
Montipora_capitata_HIv3___RNAseq.g40601.t1   1.5378932 0.3098532 0.6069883 6.1559735 0.2551214 6.4402580 0.7910918 6.7133746 4.0315793 3.2398993 2.4033423 0.3092075 1.0467385 1.6219572 0.1159320 5.5900123 0.0000000 0.3157702 5.5565714 0.6869046 4.0436390 0.8253921 4.7366246 0.4166284 0.1730021 4.2155700 0.8153704 6.0533023 0.0966662 0.7931803 0.1129898 0.2406515 0.6052879 1.2609254 
Montastraea_cavernosa_18469                  1.0039653 0.3162135 0.5042256 6.0699648 0.3206082 6.6202747 0.0983952 6.7080274 3.3248325 3.0148064 2.1014147 0.1119477 0.9898810 1.7014617 0.1070419 5.7148670 0.3157702 0.0000000 5.6670639 0.5971857 3.8477589 0.2302462 4.5484131 0.2561365 0.0563437 4.2974420 0.2554832 6.1566395 0.0728830 0.2128019 0.0475689 0.1753477 0.2210994 1.2003233 
Mnemiopsis_leidyi_5193                       6.3709937 6.0623399 5.3153162 7.3286662 5.6347771 5.8016808 5.8074309 7.0782120 6.5644972 8.3612262 5.7696309 5.6837917 5.3656911 5.9424504 6.1010309 8.6873712 5.5565714 5.6670639 0.0000000 5.9600527 8.0221828 6.0734831 8.5727213 5.5059744 6.9711395 7.9981263 5.4498932 4.7374893 1.9939069 5.7845935 6.7865978 6.3201079 5.8169428 5.7264243 
Nematostella_vectensis_6441                  1.1011330 0.5123318 0.3971121 6.4366825 0.6719661 5.9252623 0.6456567 6.3614965 3.2636215 4.0964928 2.3171951 0.5913029 1.0800635 1.8436780 0.3934171 5.1827163 0.6869046 0.5971857 5.9600527 0.0000000 4.2072012 0.7101047 5.3093644 0.6888541 0.3389052 4.3426552 0.6891647 6.0880991 0.2054522 0.6771764 0.5114251 0.4610628 0.6957787 1.2744417 
Oscarella_carmela_11115                      4.6491480 4.0981716 2.8026266 7.8738252 3.9812706 4.0354979 4.0350507 7.1324541 4.4016124 1.4675610 3.9241721 3.8341789 4.9067124 5.3831778 4.4049848 6.8469818 4.0436390 3.8477589 8.0221828 4.2072012 0.0000000 4.3796321 7.3811774 4.0805270 3.6261864 1.6594433 4.0808523 8.7679347 2.4651611 4.0736978 6.7208118 3.6347808 3.9734542 3.4427392 
Pocillopora_acuta_HIv2___RNAseq.g5797.t1     1.5378830 0.3120582 0.6434565 5.4685024 0.3567094 5.8948752 0.4737725 7.3294840 4.6701416 3.6990403 2.4700063 0.2164080 0.9875976 2.1093936 0.0690692 6.0017441 0.8253921 0.2302462 6.0734831 0.7101047 4.3796321 0.0000000 4.8771030 0.3967607 0.0898535 4.2614609 0.7058718 5.7460482 0.0510283 0.0155233 0.1034664 0.1060480 0.1579063 1.2124284 
Porites_astreoides_5737                      6.7198688 6.1597904 6.7305581 7.2320072 4.9556319 7.9028665 4.7734350 8.9999990 7.8967156 8.9999984 5.4737488 4.8344299 3.6620965 7.2490849 3.3992261 6.8508322 4.7366246 4.5484131 8.5727213 5.3093644 7.3811774 4.8771030 0.0000000 5.0235061 2.2378176 8.9999982 4.8664624 5.4861371 2.3249667 4.9934044 5.2393951 5.6606464 4.6826658 5.7913023 
Porites_australiensis_10731                  1.1767765 0.4860737 0.5788250 5.8889465 0.3664672 6.5605891 0.3401539 7.0510701 3.1857288 3.1894087 2.2976708 0.2451112 1.0293143 1.6573766 0.1044564 6.1787576 0.4166284 0.2561365 5.5059744 0.6888541 4.0805270 0.3967607 5.0235061 0.0000000 0.1209838 4.0115490 0.0548972 5.7196007 0.0000010 0.3746261 0.1187778 0.2317004 0.3687545 1.0824544 
Platygyra_carnosus_10576                     0.6274521 0.1190204 1.6400675 3.6220715 0.1759959 3.8387754 0.0690558 8.9999987 0.0000010 2.4798296 1.7444131 0.0633267 0.5257192 2.6040046 0.0755821 5.7830784 0.1730021 0.0563437 6.9711395 0.3389052 3.6261864 0.0898535 2.2378176 0.1209838 0.0000000 0.0000010 0.1193468 5.3596406 0.0728885 0.0878851 0.0000010 0.0409124 0.0809098 0.9132087 
Pocillopora_damicornis_20089                 4.2180789 4.0359298 4.3311164 6.6143616 3.9812815 5.6743791 4.2519053 8.1665928 3.7106023 0.9628841 4.9194717 4.3634375 9.0000000 3.2941357 0.0000010 4.5680625 4.2155700 4.2974420 7.9981263 4.3426552 1.6594433 4.2614609 8.9999982 4.0115490 0.0000010 0.0000000 3.9681434 8.9999987 0.0000010 4.0161568 5.1468619 4.1683359 4.0989882 2.2798262 
Peve_00039041                                1.5457146 0.4824690 0.5727895 5.8539799 0.3587058 6.8452037 0.6244695 7.1658482 3.6892855 3.2061175 2.3926385 0.2408871 1.0288877 1.6631106 0.0997048 5.9696108 0.8153704 0.2554832 5.4498932 0.6891647 4.0808523 0.7058718 4.8664624 0.0548972 0.1193468 3.9681434 0.0000000 5.7537643 0.0000010 0.6807362 0.1101275 0.2331521 0.4728519 1.0939932 
Pleurobrachia_pileus_1688                    5.7215771 6.4024631 7.0094639 8.9999989 5.8341167 7.3954389 6.2093746 8.6653140 5.7821131 8.9999988 6.8344925 6.0798567 4.9765527 8.3171138 4.6918855 8.7196963 6.0533023 6.1566395 4.7374893 6.0880991 8.7679347 5.7460482 5.4861371 5.7196007 5.3596406 8.9999987 5.7537643 0.0000000 5.1499806 6.1332890 8.9999986 6.9165699 6.3210111 5.9462066 
Porites_lobata_127533                        0.5250144 0.0000010 1.8674576 3.8604303 0.0966168 2.3973019 0.0417540 7.3434333 0.0000010 2.4798296 1.4057772 0.0630714 0.4589396 0.0000010 0.0427028 5.8855827 0.0966662 0.0728830 1.9939069 0.2054522 2.4651611 0.0510283 2.3249667 0.0000010 0.0728885 0.0000010 0.0000010 5.1499806 0.0000000 0.0406722 0.0000010 0.0000010 0.0407226 0.0000010 
Pocillopora_meandrina_HIv1___RNAseq.g7105.t1 1.4815233 0.2734508 0.5404443 5.5268150 0.3334612 5.8948752 0.4476692 7.2166543 3.6125394 3.1111977 2.3707019 0.2009035 0.9717550 1.7312861 0.0640309 5.5395482 0.7931803 0.2128019 5.7845935 0.6771764 4.0736978 0.0155233 4.9934044 0.3746261 0.0878851 4.0161568 0.6807362 6.1332890 0.0406722 0.0000000 0.1034664 0.0865994 0.1454221 1.1725301 
Pseudodiploria_strigosa_24125                0.7992439 0.1497461 0.4069719 2.3551335 0.1392408 3.8966863 0.0394550 7.0618983 4.2569587 0.0000010 1.7550606 0.0555454 2.2761354 0.0000010 0.0000010 5.0475155 0.1129898 0.0475689 6.7865978 0.5114251 6.7208118 0.1034664 5.2393951 0.1187778 0.0000010 5.1468619 0.1101275 8.9999986 0.0000010 0.1034664 0.0000000 0.1283330 0.1171085 0.0000010 
Seriatopora_hystrix_99681                    0.8515439 0.2640869 0.5282035 7.0370074 0.2610572 6.9743623 0.1511013 6.8389984 3.5132031 2.9956208 1.5730247 0.1717244 0.6113178 1.6508841 0.1110866 5.8636856 0.2406515 0.1753477 6.3201079 0.4610628 3.6347808 0.1060480 5.6606464 0.2317004 0.0409124 4.1683359 0.2331521 6.9165699 0.0000010 0.0865994 0.1283330 0.0000000 0.0425382 1.2295244 
Stylophora_pistillata_8128                   1.3959118 0.2538814 0.5458958 5.8880911 0.3234880 6.2459070 0.3758710 7.2808626 3.5132031 3.2036791 2.4104502 0.2038571 0.9840839 1.6475553 0.0586532 5.6854235 0.6052879 0.2210994 5.8169428 0.6957787 3.9734542 0.1579063 4.6826658 0.3687545 0.0809098 4.0989882 0.4728519 6.3210111 0.0407226 0.1454221 0.1171085 0.0425382 0.0000000 1.1841695 
Trichoplax_adherens_7435                     1.3353471 1.1897783 0.9526707 8.6791291 1.1726839 5.7790553 1.2094735 7.4415317 3.0506551 3.3026627 1.6738692 1.2375413 1.2320300 1.9489659 1.4273979 5.4838339 1.2609254 1.2003233 5.7264243 1.2744417 3.4427392 1.2124284 5.7913023 1.0824544 0.9132087 2.2798262 1.0939932 5.9462066 0.0000010 1.1725301 0.0000010 1.2295244 1.1841695 0.0000000 
