48
sp|O04379|AGO1_ARATH                          0.0000000 1.9837030 1.4343763 1.3987324 1.3567067 1.3152375 1.6633228 1.6683520 1.3527679 0.8672540 1.3708569 1.5429207 0.8352405 1.7474968 3.7071269 3.7522532 6.6339121 1.4117473 1.2380408 1.2297499 1.4922878 1.3992950 7.1445563 5.8712201 7.7644139 1.4916319 1.7054318 1.8110455 1.3638280 1.3722376 1.4384135 1.7643150 5.4056276 0.6810686 1.3775836 0.9886897 1.3647451 1.3737731 1.1266431 1.5977582 2.1343693 1.6335404 1.3647451 1.3738473 0.9548882 1.3191059 1.6996485 1.7549575 
sp|Q9ZVD5|AGO4_ARATH                          1.9837030 0.0000000 2.0394237 2.0288230 1.9475125 1.8534058 2.3807135 2.3633496 1.9446398 1.4138249 1.9127217 2.0729519 1.5707217 2.6111244 4.4565099 6.0841477 6.1285447 2.0647866 1.8627244 1.9974135 2.1600960 1.9389912 7.0261796 6.3741592 6.5445010 2.1623445 2.2520865 2.2233030 1.9157084 1.9230317 1.9581450 3.1616438 4.8567189 1.1630813 1.9557531 1.3532957 1.9401158 1.9106435 1.6827253 2.0686973 3.0113065 2.2580759 1.9401158 1.9557531 1.5008532 2.0172596 2.2704041 2.3848119 
sp|Q9UL18|AGO1_HUMAN                          1.4343763 2.0394237 0.0000000 0.1996770 0.5324738 0.5116576 1.0582828 0.7437451 0.5331985 0.6009486 0.5114244 0.5599387 0.6749459 0.7954751 3.3477614 4.5474554 4.5770513 0.5182919 0.4355669 0.5854832 1.2297091 0.5195780 6.3952767 5.7661230 6.3056004 0.6379350 1.0763492 1.0759569 0.5099346 1.1361280 0.5811351 1.4387445 4.6704492 0.5193552 0.5045568 0.6922185 0.5361346 0.5088377 0.7786136 0.5338541 1.4193973 1.3416347 0.5361346 0.5050218 0.3677526 0.4393617 1.0081101 1.7846621 
sp|Q9UKV8|AGO2_HUMAN                          1.3987324 2.0288230 0.1996770 0.0000000 0.5056451 0.4780476 1.0685938 0.7181513 0.5071590 0.5397769 0.4810764 0.5540949 0.6697949 0.7791754 3.2918954 4.0115961 4.8051666 0.4903340 0.4221809 0.5597244 1.0912056 0.4809879 6.2452751 5.7287836 6.1491204 0.6132345 1.0279609 1.0194684 0.4903431 1.0643251 0.5348613 1.3801511 4.4058150 0.4529314 0.4691384 0.6251214 0.5118150 0.4765241 0.7125170 0.5103646 1.5370292 1.3173941 0.5118150 0.4686770 0.3334936 0.4373773 0.9690623 1.6635670 
Acropora_digitifera_13787                     1.3567067 1.9475125 0.5324738 0.5056451 0.0000000 0.3642359 1.0607133 0.0174108 0.0058331 0.5242733 0.1343942 0.6062846 0.6288175 0.0404993 3.0986921 3.5219508 5.2041080 0.5843172 0.1575754 0.5079962 1.0987693 0.1518811 5.6244678 5.4298915 6.3121991 0.1569334 0.9909046 1.0046589 0.1377003 1.2067273 0.3387056 1.4241433 4.4337983 0.4617750 0.1468296 0.5689380 0.1408448 0.1411186 0.6926177 0.1463510 1.7612212 1.2883283 0.1408448 0.1482868 0.0978578 0.1705468 0.9760395 1.5908005 
Anthopleura_elegantissima_24436               1.3152375 1.8534058 0.5116576 0.4780476 0.3642359 0.0000000 0.9829704 0.7843652 0.3672608 0.6202577 0.3329171 0.5467767 0.6263152 0.5508130 2.9717354 2.4958651 4.9218100 0.5397434 0.3263748 0.4842264 1.2190038 0.3491061 6.3344656 5.7073313 6.1849218 0.4304784 1.0508609 1.0419630 0.3258775 1.4138373 0.2913860 1.7934688 4.6578519 0.4570517 0.3452017 0.7288356 0.3513728 0.3200437 0.7758661 0.3503822 1.5591006 1.2395350 0.3513728 0.3452017 0.2691913 0.3208709 1.0211914 1.4035656 
Anthopleura_elegantissima_36960               1.6633228 2.3807135 1.0582828 1.0685938 1.0607133 0.9829704 0.0000000 1.3379736 1.0687570 0.5151628 1.0224553 1.1762359 0.5888600 1.5543075 3.1000780 4.7073410 6.0129756 1.1558138 0.9533064 0.9414292 1.3046388 1.0411065 7.6201855 6.3946044 6.8401346 1.2105342 1.0335120 1.0358284 1.0448661 1.0528188 1.0621944 1.5982619 5.1414922 0.3145216 1.0435196 0.4604501 1.0698328 1.0379468 0.5137967 1.1427522 2.1688105 1.4491403 1.0703654 1.0436446 0.7199037 0.9815420 0.9407070 1.7590597 
Acropora_hyacinthus_5685                      1.6683520 2.3633496 0.7437451 0.7181513 0.0174108 0.7843652 1.3379736 0.0000000 0.0173991 0.0000010 0.0948775 0.7744655 0.0000010 0.0411135 3.7578489 5.0027668 8.9999984 0.7535588 0.0731750 0.0000010 0.0000010 0.1084053 4.8509696 5.1672050 4.7569434 0.0871445 0.9914374 1.0749846 0.0974676 0.0000010 0.3077004 1.2758292 3.5448630 0.0000010 0.1084150 0.0000010 0.1189051 0.0975193 0.0000010 0.1432740 2.0533489 0.9480268 0.1189051 0.1134568 0.0000010 0.0767498 1.1241133 2.2663018 
Acropora_millepora_5854                       1.3527679 1.9446398 0.5331985 0.5071590 0.0058331 0.3672608 1.0687570 0.0173991 0.0000000 0.5242733 0.1346296 0.6173132 0.6288175 0.0369307 3.1283144 3.5887696 5.2050920 0.5962064 0.1580010 0.5094781 1.0987693 0.1511665 5.6090967 5.4680761 6.2776380 0.1537468 0.9982586 1.0097083 0.1380108 1.2067273 0.3372435 1.3732477 4.3501759 0.4617750 0.1460983 0.5689380 0.1438085 0.1460603 0.6926177 0.1491013 1.7658560 1.2883283 0.1439775 0.1475596 0.0978578 0.1695484 0.9824384 1.5972853 
Acropora_palmata_6303                         0.8672540 1.4138249 0.6009486 0.5397769 0.5242733 0.6202577 0.5151628 0.0000010 0.5242733 0.0000000 0.5507193 0.6220332 0.1080226 1.6005678 2.7430600 2.9173585 0.0000010 0.6104074 0.5487589 0.6113994 1.3212780 0.5745469 4.3243308 5.0245321 5.7950871 0.8828828 0.0922234 0.2043538 0.5356947 1.1577685 0.5218491 2.3770117 4.4769262 0.1702758 0.5687973 0.3348993 0.5548536 0.5375569 0.1826641 0.5423365 0.0000010 1.2507518 0.5548536 0.5687973 0.5325427 0.4877852 0.1740773 0.8765521 
protein|evm.model.chromosome_8.2154           1.3708569 1.9127217 0.5114244 0.4810764 0.1343942 0.3329171 1.0224553 0.0948775 0.1346296 0.5507193 0.0000000 0.5994170 0.6706664 0.1481864 3.0364375 3.5288813 4.6812678 0.5677825 0.0490788 0.4665291 1.0502755 0.0677459 5.9114909 5.4351257 5.8226016 0.1748425 0.9735201 1.0048373 0.0557535 1.2748864 0.3009759 1.4720941 4.3648943 0.4494217 0.0816405 0.6058988 0.1280937 0.0652662 0.7123833 0.1331498 1.6552559 1.2977775 0.1280937 0.0829604 0.0692244 0.1041790 0.9784211 1.6168288 
Amphimedon_queenslandica_18829                1.5429207 2.0729519 0.5599387 0.5540949 0.6062846 0.5467767 1.1762359 0.7744655 0.6173132 0.6220332 0.5994170 0.0000000 0.7071561 0.8690396 3.5732965 3.8415540 4.8135001 0.3097563 0.5295621 0.6217186 1.2021882 0.6027424 5.9016415 5.7986753 5.6119852 0.6859446 1.2128927 1.2192454 0.5866229 1.0470597 0.6098464 1.2544413 4.6019124 0.5169519 0.6080170 0.6806876 0.6022149 0.5795731 0.7266076 0.7096696 1.7128522 1.4116316 0.6028647 0.6072835 0.4016548 0.5542717 1.1020045 1.6737451 
Acropora_tenuis_4271                          0.8352405 1.5707217 0.6749459 0.6697949 0.6288175 0.6263152 0.5888600 0.0000010 0.6288175 0.1080226 0.6706664 0.7071561 0.0000000 1.6005678 1.8520928 1.2569625 0.0000010 0.7031867 0.6662135 0.7060772 1.4489871 0.6988841 5.2954608 4.8864156 5.8125321 1.4144083 0.1654066 0.2808594 0.6374109 1.0867104 0.6091573 2.5110167 6.3633468 0.1322002 0.6996450 0.4420679 0.6438772 0.6384465 0.2541443 0.6225326 0.0000010 0.7838636 0.6438772 0.6996450 0.6360067 0.3989454 0.2493278 0.7687893 
Acropora_tenuis_8679                          1.7474968 2.6111244 0.7954751 0.7791754 0.0404993 0.5508130 1.5543075 0.0411135 0.0369307 1.6005678 0.1481864 0.8690396 1.6005678 0.0000000 3.7578489 5.0027668 6.6011124 0.8407624 0.1786939 0.8950736 1.1341281 0.1730826 5.4629178 4.8996082 5.4242198 0.1407945 1.2519648 1.3431979 0.1674304 0.0000010 0.3828172 1.2758292 2.8322952 1.6005678 0.1694160 0.8950736 0.1469655 0.1672692 1.6005678 0.1661551 2.1130845 1.8090227 0.1469655 0.1735151 1.6005678 0.1838456 1.4069197 2.4472119 
Anemonia_viridis_1965                         3.7071269 4.4565099 3.3477614 3.2918954 3.0986921 2.9717354 3.1000780 3.7578489 3.1283144 2.7430600 3.0364375 3.5732965 1.8520928 3.7578489 0.0000000 5.7495316 8.9999989 3.6115276 3.0081777 2.8341858 3.7193488 3.0920033 6.1924625 8.9999986 7.1491131 3.1640866 3.7179522 3.6185321 2.9773038 0.0000010 3.1288891 5.9024021 6.8192465 2.2544020 3.0662255 2.7594837 3.1670001 2.9902572 3.0550268 3.1670001 4.2608909 3.3363857 3.1670001 3.0662255 2.8716511 3.0040743 4.0374446 4.1891701 
Anemonia_viridis_4635                         3.7522532 6.0841477 4.5474554 4.0115961 3.5219508 2.4958651 4.7073410 5.0027668 3.5887696 2.9173585 3.5288813 3.8415540 1.2569625 5.0027668 5.7495316 0.0000000 3.6665329 3.7745218 3.9183520 3.1125720 3.3345338 3.5882830 7.4661535 8.9999990 8.9999985 3.8739776 3.9491625 4.3762730 3.6018792 0.5716451 3.8279037 6.5325206 8.9999987 2.8755253 3.4481380 2.5107380 3.7390604 3.5881964 2.8800117 3.7390604 9.0000000 3.3428346 3.7390604 3.4481380 2.4881176 3.7593853 4.5203993 4.7276350 
Anemonia_viridis_5031                         6.6339121 6.1285447 4.5770513 4.8051666 5.2041080 4.9218100 6.0129756 8.9999984 5.2050920 0.0000010 4.6812678 4.8135001 0.0000010 6.6011124 8.9999989 3.6665329 0.0000000 4.8451636 5.1133723 4.9528626 1.1596542 4.7197421 7.5923593 8.6504822 7.0334166 5.5320652 6.9031518 6.9933206 4.9911156 0.0000010 5.1256150 6.1063556 8.7798789 0.0000010 4.8127272 0.0000010 5.6473995 4.7596792 5.8674516 5.6473995 5.8183980 4.5220483 5.6473995 4.8127272 3.3994944 4.9135449 8.2677937 8.6819986 
Ephydatia_muelleri_280                        1.4117473 2.0647866 0.5182919 0.4903340 0.5843172 0.5397434 1.1558138 0.7535588 0.5962064 0.6104074 0.5677825 0.3097563 0.7031867 0.8407624 3.6115276 3.7745218 4.8451636 0.0000000 0.4961112 0.5540723 1.1443806 0.5876311 6.0462240 5.9441171 5.8328064 0.6732946 1.1251491 1.1635568 0.5609535 1.0089981 0.5949548 1.3106487 4.5199101 0.5145856 0.5939805 0.6979437 0.5841727 0.5504782 0.7945611 0.6069117 1.5465180 1.2617823 0.5823421 0.5932742 0.4131296 0.5336197 1.1314690 1.6271482 
Fungia_scutaria_59731                         1.2380408 1.8627244 0.4355669 0.4221809 0.1575754 0.3263748 0.9533064 0.0731750 0.1580010 0.5487589 0.0490788 0.5295621 0.6662135 0.1786939 3.0081777 3.9183520 5.1133723 0.4961112 0.0000000 0.4733624 1.0573976 0.0780542 6.2855347 5.5874169 5.9969956 0.1982821 0.9379971 0.9677122 0.0647652 1.2881519 0.2953139 1.4185359 4.3978734 0.4488743 0.0890344 0.6037751 0.1449182 0.0672201 0.7022487 0.1425128 1.5844611 1.2961197 0.1449182 0.0906028 0.0689614 0.1074686 0.9252116 1.4148572 
Gorgonia_ventalina_62465                      1.2297499 1.9974135 0.5854832 0.5597244 0.5079962 0.4842264 0.9414292 0.0000010 0.5094781 0.6113994 0.4665291 0.6217186 0.7060772 0.8950736 2.8341858 3.1125720 4.9528626 0.5540723 0.4733624 0.0000000 1.1239011 0.4678543 6.1473738 5.5828401 6.0473197 0.6511024 0.9362469 1.0028833 0.4629233 1.1667002 0.5155527 2.0877249 4.7482513 0.4814582 0.4760766 0.6425257 0.4894350 0.4688258 0.8257926 0.4886923 1.9890321 1.3652468 0.4894350 0.4760766 0.3625181 0.5015412 0.9454280 1.2733254 
Hydra_magnapapillata_1373                     1.4922878 2.1600960 1.2297091 1.0912056 1.0987693 1.2190038 1.3046388 0.0000010 1.0987693 1.3212780 1.0502755 1.2021882 1.4489871 1.1341281 3.7193488 3.3345338 1.1596542 1.1443806 1.0573976 1.1239011 0.0000000 1.0682921 6.9678916 6.5468444 7.7469307 1.2422211 1.2836098 1.3686354 1.0765449 2.1178826 1.1600208 2.0061053 4.9473987 1.0281743 1.0584637 1.6376413 1.0748058 1.0562249 1.2538067 1.0781540 0.8156024 1.5315062 1.0748058 1.0584637 1.0644074 0.8669489 1.2477926 1.4244754 
Madracis_auretenra_45258                      1.3992950 1.9389912 0.5195780 0.4809879 0.1518811 0.3491061 1.0411065 0.1084053 0.1511665 0.5745469 0.0677459 0.6027424 0.6988841 0.1730826 3.0920033 3.5882830 4.7197421 0.5876311 0.0780542 0.4678543 1.0682921 0.0000000 5.8520149 5.4799804 5.9305903 0.1952659 0.9951588 1.0257746 0.0715982 1.3357802 0.3099375 1.4396516 4.5855542 0.4722475 0.0532093 0.6156064 0.1428577 0.0770697 0.7229513 0.1483881 1.7207725 1.3400727 0.1428577 0.0544621 0.0791174 0.0804636 0.9934526 1.6339286 
Monosiga_brevicollis_451                      7.1445563 7.0261796 6.3952767 6.2452751 5.6244678 6.3344656 7.6201855 4.8509696 5.6090967 4.3243308 5.9114909 5.9016415 5.2954608 5.4629178 6.1924625 7.4661535 7.5923593 6.0462240 6.2855347 6.1473738 6.9678916 5.8520149 0.0000000 7.6814620 6.6137539 5.7964762 6.8698499 6.9732192 5.7397977 7.8075370 5.9289750 5.0478575 5.9098898 4.6494942 5.9617773 5.7959391 5.7379221 5.8533709 4.8579009 6.0783176 6.5825670 5.1003245 5.7409848 5.9617773 5.6520387 6.1011991 6.5264140 7.3447632 
Monosiga_brevicollis_5532                     5.8712201 6.3741592 5.7661230 5.7287836 5.4298915 5.7073313 6.3946044 5.1672050 5.4680761 5.0245321 5.4351257 5.7986753 4.8864156 4.8996082 8.9999986 8.9999990 8.6504822 5.9441171 5.5874169 5.5828401 6.5468444 5.4799804 7.6814620 0.0000000 8.8642305 5.3932938 6.2842059 6.6270112 5.5076680 6.5127787 5.4352905 6.3688221 5.7984534 5.2419311 5.4575897 5.6916778 5.5405268 5.5240403 5.8174483 6.0428171 7.0836844 6.6552786 5.5430643 5.4549278 5.9459151 5.4507577 6.6282117 7.3416960 
Monosiga_brevicollis_5656                     7.7644139 6.5445010 6.3056004 6.1491204 6.3121991 6.1849218 6.8401346 4.7569434 6.2776380 5.7950871 5.8226016 5.6119852 5.8125321 5.4242198 7.1491131 8.9999985 7.0334166 5.8328064 5.9969956 6.0473197 7.7469307 5.9305903 6.6137539 8.8642305 0.0000000 6.6116881 6.7099936 6.3606464 5.9253267 5.8583310 5.9674764 7.4935269 5.7482366 5.5240378 6.1353978 6.0588382 5.9498163 5.9160569 6.1648591 5.8694903 8.9999981 7.6509588 5.9498163 6.1353978 5.7825703 6.4318388 6.8978161 7.7523714 
Montipora_capitata_HIv3___RNAseq.g37396.t1    1.4916319 2.1623445 0.6379350 0.6132345 0.1569334 0.4304784 1.2105342 0.0871445 0.1537468 0.8828828 0.1748425 0.6859446 1.4144083 0.1407945 3.1640866 3.8739776 5.5320652 0.6732946 0.1982821 0.6511024 1.2422211 0.1952659 5.7964762 5.3932938 6.6116881 0.0000000 1.1260624 1.1685999 0.1860097 8.9999985 0.4151835 1.3170232 3.9105027 0.6847386 0.1878761 1.0427000 0.1862381 0.1779900 0.9811563 0.1950104 1.7664815 1.3431650 0.1862381 0.1896467 0.2331052 0.1634468 1.1458009 1.9324152 
Montipora_capitata_HIv3___TS.g29877.t1        1.7054318 2.2520865 1.0763492 1.0279609 0.9909046 1.0508609 1.0335120 0.9914374 0.9982586 0.0922234 0.9735201 1.2128927 0.1654066 1.2519648 3.7179522 3.9491625 6.9031518 1.1251491 0.9379971 0.9362469 1.2836098 0.9951588 6.8698499 6.2842059 6.7099936 1.1260624 0.0000000 0.6543106 0.9643248 1.0773492 1.0243194 1.7383124 5.0824473 0.1800587 1.0119869 0.3202204 0.9823624 0.9608144 0.2671044 1.3155882 2.2540673 1.4130175 0.9799774 1.0119869 0.6995890 1.0732148 0.5549847 1.8287537 
Montipora_capitata_HIv3___RNAseq.g24686.t1    1.8110455 2.2233030 1.0759569 1.0194684 1.0046589 1.0419630 1.0358284 1.0749846 1.0097083 0.2043538 1.0048373 1.2192454 0.2808594 1.3431979 3.6185321 4.3762730 6.9933206 1.1635568 0.9677122 1.0028833 1.3686354 1.0257746 6.9732192 6.6270112 6.3606464 1.1685999 0.6543106 0.0000000 1.0168298 1.1662721 1.0340178 1.7946394 4.3046679 0.0672002 1.0219732 0.2707896 1.0436591 1.0249794 0.2291780 1.5317636 2.1474708 1.5740030 1.0459873 1.0189918 0.7309705 1.0695544 0.4034218 1.7567573 
Montastraea_cavernosa_91296                   1.3638280 1.9157084 0.5099346 0.4903431 0.1377003 0.3258775 1.0448661 0.0974676 0.1380108 0.5356947 0.0557535 0.5866229 0.6374109 0.1674304 2.9773038 3.6018792 4.9911156 0.5609535 0.0647652 0.4629233 1.0765449 0.0715982 5.7397977 5.5076680 5.9253267 0.1860097 0.9643248 1.0168298 0.0000000 1.2545128 0.3040485 1.4720941 4.4361216 0.4548099 0.0880651 0.6076130 0.1341934 0.0308959 0.6924375 0.1393345 1.6461207 1.2678100 0.1341934 0.0894075 0.0325030 0.1104205 0.9714216 1.6069385 
Mnemiopsis_leidyi_6133                        1.3722376 1.9230317 1.1361280 1.0643251 1.2067273 1.4138373 1.0528188 0.0000010 1.2067273 1.1577685 1.2748864 1.0470597 1.0867104 0.0000010 0.0000010 0.5716451 0.0000010 1.0089981 1.2881519 1.1667002 2.1178826 1.3357802 7.8075370 6.5127787 5.8583310 8.9999985 1.0773492 1.1662721 1.2545128 0.0000000 1.2079183 6.6745124 8.9999984 0.6873182 1.3200730 1.2841080 1.2304250 1.2460450 1.0097934 1.2110384 0.0000010 0.3016341 1.2304250 1.3200730 1.2657000 0.0000010 0.9862877 1.4375451 
Nematostella_vectensis_9345                   1.4384135 1.9581450 0.5811351 0.5348613 0.3387056 0.2913860 1.0621944 0.3077004 0.3372435 0.5218491 0.3009759 0.6098464 0.6091573 0.3828172 3.1288891 3.8279037 5.1256150 0.5949548 0.2953139 0.5155527 1.1600208 0.3099375 5.9289750 5.4352905 5.9674764 0.4151835 1.0243194 1.0340178 0.3040485 1.2079183 0.0000000 1.5139976 4.5629808 0.4786417 0.3057798 0.6066040 0.3180603 0.2973178 0.7147954 0.3235418 1.6529515 1.3221189 0.3180603 0.3061697 0.2383555 0.3161996 0.9893156 1.6065371 
Oscarella_carmela_19981                       1.7643150 3.1616438 1.4387445 1.3801511 1.4241433 1.7934688 1.5982619 1.2758292 1.3732477 2.3770117 1.4720941 1.2544413 2.5110167 1.2758292 5.9024021 6.5325206 6.1063556 1.3106487 1.4185359 2.0877249 2.0061053 1.4396516 5.0478575 6.3688221 7.4935269 1.3170232 1.7383124 1.7946394 1.4720941 6.6745124 1.5139976 0.0000000 3.0549037 1.8865847 1.4408710 2.1276241 1.4040498 1.4720941 2.3092063 1.4040498 2.9082954 1.6816037 1.4040498 1.4408710 1.9388443 1.3005464 1.7263464 2.1269145 
Oscarella_carmela_21022                       5.4056276 4.8567189 4.6704492 4.4058150 4.4337983 4.6578519 5.1414922 3.5448630 4.3501759 4.4769262 4.3648943 4.6019124 6.3633468 2.8322952 6.8192465 8.9999987 8.7798789 4.5199101 4.3978734 4.7482513 4.9473987 4.5855542 5.9098898 5.7984534 5.7482366 3.9105027 5.0824473 4.3046679 4.4361216 8.9999984 4.5629808 3.0549037 0.0000000 4.8500741 4.6147619 4.1554526 4.3968299 4.4361216 4.7981554 4.6537773 4.6823813 5.5077443 4.3968299 4.6147619 4.8484643 4.2087780 4.5571631 6.1722889 
Montastraea_faveolata_1768                    0.6810686 1.1630813 0.5193552 0.4529314 0.4617750 0.4570517 0.3145216 0.0000010 0.4617750 0.1702758 0.4494217 0.5169519 0.1322002 1.6005678 2.2544020 2.8755253 0.0000010 0.5145856 0.4488743 0.4814582 1.0281743 0.4722475 4.6494942 5.2419311 5.5240378 0.6847386 0.1800587 0.0672002 0.4548099 0.6873182 0.4786417 1.8865847 4.8500741 0.0000000 0.4562404 0.2211442 0.4747647 0.4539779 0.1299386 0.4635661 0.0000010 1.2073555 0.4747647 0.4562404 0.4560678 0.5909540 0.1319471 0.7717045 
Pocillopora_acuta_HIv2___RNAseq.g20569.t1     1.3775836 1.9557531 0.5045568 0.4691384 0.1468296 0.3452017 1.0435196 0.1084150 0.1460983 0.5687973 0.0816405 0.6080170 0.6996450 0.1694160 3.0662255 3.4481380 4.8127272 0.5939805 0.0890344 0.4760766 1.0584637 0.0532093 5.9617773 5.4575897 6.1353978 0.1878761 1.0119869 1.0219732 0.0880651 1.3200730 0.3057798 1.4408710 4.6147619 0.4562404 0.0000000 0.5876744 0.1479960 0.0920104 0.7331416 0.1556773 1.7373978 1.3205391 0.1479960 0.0011579 0.0818181 0.0389228 1.0050815 1.6287828 
Porites_astreoides_9082                       0.9886897 1.3532957 0.6922185 0.6251214 0.5689380 0.7288356 0.4604501 0.0000010 0.5689380 0.3348993 0.6058988 0.6806876 0.4420679 0.8950736 2.7594837 2.5107380 0.0000010 0.6979437 0.6037751 0.6425257 1.6376413 0.6156064 5.7959391 5.6916778 6.0588382 1.0427000 0.3202204 0.2707896 0.6076130 1.2841080 0.6066040 2.1276241 4.1554526 0.2211442 0.5876744 0.0000000 0.6089506 0.6036851 0.2834720 0.6087195 0.0000010 0.9730029 0.6089506 0.5876744 0.6127386 0.4925938 0.3123858 0.8549921 
Porites_australiensis_5350                    1.3647451 1.9401158 0.5361346 0.5118150 0.1408448 0.3513728 1.0698328 0.1189051 0.1438085 0.5548536 0.1280937 0.6022149 0.6438772 0.1469655 3.1670001 3.7390604 5.6473995 0.5841727 0.1449182 0.4894350 1.0748058 0.1428577 5.7379221 5.5405268 5.9498163 0.1862381 0.9823624 1.0436591 0.1341934 1.2304250 0.3180603 1.4040498 4.3968299 0.4747647 0.1479960 0.6089506 0.0000000 0.1393116 0.7085541 0.0166854 1.6758240 1.2738073 0.0023005 0.1494435 0.1149022 0.1887416 0.9743528 1.5791466 
Platygyra_carnosus_19506                      1.3737731 1.9106435 0.5088377 0.4765241 0.1411186 0.3200437 1.0379468 0.0975193 0.1460603 0.5375569 0.0652662 0.5795731 0.6384465 0.1672692 2.9902572 3.5881964 4.7596792 0.5504782 0.0672201 0.4688258 1.0562249 0.0770697 5.8533709 5.5240403 5.9160569 0.1779900 0.9608144 1.0249794 0.0308959 1.2460450 0.2973178 1.4720941 4.4361216 0.4539779 0.0920104 0.6036851 0.1393116 0.0000000 0.6736482 0.1455794 1.6270214 1.2639857 0.1409762 0.0933444 0.0524614 0.1101666 0.9634177 1.5979235 
Pocillopora_damicornis_15916                  1.1266431 1.6827253 0.7786136 0.7125170 0.6926177 0.7758661 0.5137967 0.0000010 0.6926177 0.1826641 0.7123833 0.7266076 0.2541443 1.6005678 3.0550268 2.8800117 5.8674516 0.7945611 0.7022487 0.8257926 1.2538067 0.7229513 4.8579009 5.8174483 6.1648591 0.9811563 0.2671044 0.2291780 0.6924375 1.0097934 0.7147954 2.3092063 4.7981554 0.1299386 0.7331416 0.2834720 0.7085541 0.6736482 0.0000000 0.7018761 3.8890374 1.5009961 0.7085541 0.7331416 0.6478616 0.7936004 0.0722197 0.9780381 
Peve_00006288                                 1.5977582 2.0686973 0.5338541 0.5103646 0.1463510 0.3503822 1.1427522 0.1432740 0.1491013 0.5423365 0.1331498 0.7096696 0.6225326 0.1661551 3.1670001 3.7390604 5.6473995 0.6069117 0.1425128 0.4886923 1.0781540 0.1483881 6.0783176 6.0428171 5.8694903 0.1950104 1.3155882 1.5317636 0.1393345 1.2110384 0.3235418 1.4040498 4.6537773 0.4635661 0.1556773 0.6087195 0.0166854 0.1455794 0.7018761 0.0000000 1.6717822 1.2783230 0.0179069 0.1571400 0.1116124 0.1908626 1.2380123 1.5876719 
Pleurobrachia_pileus_682                      2.1343693 3.0113065 1.4193973 1.5370292 1.7612212 1.5591006 2.1688105 2.0533489 1.7658560 0.0000010 1.6552559 1.7128522 0.0000010 2.1130845 4.2608909 9.0000000 5.8183980 1.5465180 1.5844611 1.9890321 0.8156024 1.7207725 6.5825670 7.0836844 8.9999981 1.7664815 2.2540673 2.1474708 1.6461207 0.0000010 1.6529515 2.9082954 4.6823813 0.0000010 1.7373978 0.0000010 1.6758240 1.6270214 3.8890374 1.6717822 0.0000000 5.8761814 1.6758240 1.7340351 0.0000010 1.7566290 1.9962693 2.1293290 
Pleurobrachia_pileus_683                      1.6335404 2.2580759 1.3416347 1.3173941 1.2883283 1.2395350 1.4491403 0.9480268 1.2883283 1.2507518 1.2977775 1.4116316 0.7838636 1.8090227 3.3363857 3.3428346 4.5220483 1.2617823 1.2961197 1.3652468 1.5315062 1.3400727 5.1003245 6.6552786 7.6509588 1.3431650 1.4130175 1.5740030 1.2678100 0.3016341 1.3221189 1.6816037 5.5077443 1.2073555 1.3205391 0.9730029 1.2738073 1.2639857 1.5009961 1.2783230 5.8761814 0.0000000 1.2738073 1.3205391 1.2832303 1.2452593 1.5892293 1.4508698 
Porites_lobata_5753                           1.3647451 1.9401158 0.5361346 0.5118150 0.1408448 0.3513728 1.0703654 0.1189051 0.1439775 0.5548536 0.1280937 0.6028647 0.6438772 0.1469655 3.1670001 3.7390604 5.6473995 0.5823421 0.1449182 0.4894350 1.0748058 0.1428577 5.7409848 5.5430643 5.9498163 0.1862381 0.9799774 1.0459873 0.1341934 1.2304250 0.3180603 1.4040498 4.3968299 0.4747647 0.1479960 0.6089506 0.0023005 0.1409762 0.7085541 0.0179069 1.6758240 1.2738073 0.0000000 0.1494435 0.1149022 0.1887416 0.9748483 1.5791466 
Pocillopora_meandrina_HIv1___RNAseq.g29941.t1 1.3738473 1.9557531 0.5050218 0.4686770 0.1482868 0.3452017 1.0436446 0.1134568 0.1475596 0.5687973 0.0829604 0.6072835 0.6996450 0.1735151 3.0662255 3.4481380 4.8127272 0.5932742 0.0906028 0.4760766 1.0584637 0.0544621 5.9617773 5.4549278 6.1353978 0.1896467 1.0119869 1.0189918 0.0894075 1.3200730 0.3061697 1.4408710 4.6147619 0.4562404 0.0011579 0.5876744 0.1494435 0.0933444 0.7331416 0.1571400 1.7340351 1.3205391 0.1494435 0.0000000 0.0818181 0.0407406 1.0050815 1.6289726 
Pseudodiploria_strigosa_18325                 0.9548882 1.5008532 0.3677526 0.3334936 0.0978578 0.2691913 0.7199037 0.0000010 0.0978578 0.5325427 0.0692244 0.4016548 0.6360067 1.6005678 2.8716511 2.4881176 3.3994944 0.4131296 0.0689614 0.3625181 1.0644074 0.0791174 5.6520387 5.9459151 5.7825703 0.2331052 0.6995890 0.7309705 0.0325030 1.2657000 0.2383555 1.9388443 4.8484643 0.4560678 0.0818181 0.6127386 0.1149022 0.0524614 0.6478616 0.1116124 0.0000010 1.2832303 0.1149022 0.0818181 0.0000000 0.0727342 0.6304407 0.9429388 
Seriatopora_hystrix_8934                      1.3191059 2.0172596 0.4393617 0.4373773 0.1705468 0.3208709 0.9815420 0.0767498 0.1695484 0.4877852 0.1041790 0.5542717 0.3989454 0.1838456 3.0040743 3.7593853 4.9135449 0.5336197 0.1074686 0.5015412 0.8669489 0.0804636 6.1011991 5.4507577 6.4318388 0.1634468 1.0732148 1.0695544 0.1104205 0.0000010 0.3161996 1.3005464 4.2087780 0.5909540 0.0389228 0.4925938 0.1887416 0.1101666 0.7936004 0.1908626 1.7566290 1.2452593 0.1887416 0.0407406 0.0727342 0.0000000 1.0440209 1.6457496 
Stylophora_pistillata_3410                    1.6996485 2.2704041 1.0081101 0.9690623 0.9760395 1.0211914 0.9407070 1.1241133 0.9824384 0.1740773 0.9784211 1.1020045 0.2493278 1.4069197 4.0374446 4.5203993 8.2677937 1.1314690 0.9252116 0.9454280 1.2477926 0.9934526 6.5264140 6.6282117 6.8978161 1.1458009 0.5549847 0.4034218 0.9714216 0.9862877 0.9893156 1.7263464 4.5571631 0.1319471 1.0050815 0.3123858 0.9743528 0.9634177 0.0722197 1.2380123 1.9962693 1.5892293 0.9748483 1.0050815 0.6304407 1.0440209 0.0000000 1.7233688 
Trichoplax_adherens_11029                     1.7549575 2.3848119 1.7846621 1.6635670 1.5908005 1.4035656 1.7590597 2.2663018 1.5972853 0.8765521 1.6168288 1.6737451 0.7687893 2.4472119 4.1891701 4.7276350 8.6819986 1.6271482 1.4148572 1.2733254 1.4244754 1.6339286 7.3447632 7.3416960 7.7523714 1.9324152 1.8287537 1.7567573 1.6069385 1.4375451 1.6065371 2.1269145 6.1722889 0.7717045 1.6287828 0.8549921 1.5791466 1.5979235 0.9780381 1.5876719 2.1293290 1.4508698 1.5791466 1.6289726 0.9429388 1.6457496 1.7233688 0.0000000 
