70
sp|Q8WYQ5|DGCR8_HUMAN                         0.0000000 2.7468728 0.9919343 2.7587344 2.8118873 1.1309776 3.3959718 2.9207613 3.3156798 1.3536336 2.9728320 2.6731180 1.3858680 2.7082136 3.9573024 1.7197421 1.3288384 4.2455152 2.1376345 2.9044013 3.7456457 1.5013372 0.9341768 3.0250522 3.9808170 1.3315680 3.4201693 2.0117295 2.9001429 1.3644157 2.8839550 3.1785027 1.5212974 2.9887085 1.4267013 2.6732396 3.4220693 3.2343376 1.1335826 3.0911190 2.5424634 2.7828574 4.5110071 2.8448648 1.3807662 2.9375811 3.7558676 2.6208127 1.3308273 3.1705773 1.1692618 2.1734069 3.7184220 1.2689476 1.2566955 2.9083749 3.6668382 3.5842613 2.5147930 1.1017641 1.3715586 2.9862364 3.0873223 1.0969385 1.0189491 2.6228526 3.3378134 1.2749929 4.0606145 2.3868324 
sp|O04492|DRB1_ARATH                          2.7468728 0.0000000 2.1921399 1.6452941 1.5036840 2.6349971 3.6565774 1.8509139 1.7084341 2.4667069 2.4341517 2.0766056 2.5232515 1.5975741 2.1309726 2.5218871 9.0000000 0.0000010 2.6821062 5.6350781 1.7868920 2.5559120 2.4414359 1.2532476 1.6790848 2.0048570 2.1457061 3.4276213 1.2600200 2.4366730 2.3038871 1.9130652 2.9079383 1.3836497 2.6207737 1.4548221 2.2013290 3.0098417 2.2377813 3.4094541 3.2684270 2.5880307 2.2439439 1.1202034 2.6034402 1.5567022 3.3041261 3.8629625 2.4669702 1.6767427 3.0153627 2.1391442 1.5654602 3.1630406 2.4669702 1.2603688 3.7022504 2.9932388 1.2603688 2.5189405 2.5550271 1.5794275 1.3117163 3.2214322 2.4392254 1.5630738 1.2468714 2.4257404 3.1190265 2.3831661 
Acropora_digitifera_6418                      0.9919343 2.1921399 0.0000000 2.4074228 2.4868109 0.6993212 3.2267619 2.8602157 2.5882553 0.0000010 2.4918247 2.3943188 0.2671212 2.1758620 3.5750327 1.6332981 0.0000010 0.0000010 1.6860237 2.5863609 2.6212276 1.3669437 0.2905996 2.3970944 3.0244687 1.3240862 3.9057526 1.9644119 2.5837312 0.3973646 3.0794099 3.2842192 0.2590087 2.2106206 0.2905971 2.0992314 3.7125789 3.5965815 0.8091049 3.3305685 2.5420206 2.9634922 4.8247776 2.0167937 0.4606546 2.2537846 3.1129004 2.3905589 0.3075349 2.2145340 0.1978065 2.0154699 3.1547767 0.3536145 0.3085729 2.2077960 3.0330981 3.1333519 2.2077960 0.3066081 0.4462105 2.2515135 2.9140899 0.2212506 0.3282045 2.3217992 2.6196677 0.4008131 3.6356327 2.0003450 
Acropora_digitifera_7405                      2.7587344 1.6452941 2.4074228 0.0000000 1.5419570 3.0531803 3.3640137 1.7435261 0.0164455 2.6127308 2.7005134 2.1403108 2.8032539 0.5891982 1.8887837 2.7618248 9.0000000 0.0000010 2.5999564 3.5401407 1.6319008 2.8462712 2.7773115 1.3712491 1.9815270 1.9026109 1.9753546 3.8267115 1.3767054 2.7081684 2.5014484 2.5037119 3.0628578 1.2509818 2.7278772 0.6186581 2.4662969 2.5790756 2.6276571 3.2565618 2.6139357 2.5029013 2.4319518 0.5368908 2.4814126 0.6676130 3.1092007 3.8801116 2.7858263 0.6783004 3.2575711 3.1220486 1.6564828 2.6771817 2.7598711 1.3318043 4.8345760 2.9016557 1.3282315 2.5016509 2.4599355 0.6682502 1.5911887 3.4302359 2.4909079 0.5989516 1.4161703 2.5134786 3.6853018 3.2137210 
Anthopleura_elegantissima_45452               2.8118873 1.5036840 2.4868109 1.5419570 0.0000000 3.0530154 3.1106556 1.5546639 1.5716560 2.8214717 2.5635715 2.2144823 2.9787124 1.6293218 1.8015520 2.8399004 3.1380389 1.5024446 3.1026998 3.5827362 1.4779339 2.8047487 2.5655860 0.9996675 1.5799744 2.2535384 1.8322251 3.8849385 0.8256816 2.6908554 2.2810637 2.2302902 2.9579472 1.0843581 3.0661344 1.5456625 2.3962854 2.3313803 2.8381770 3.4852751 3.0283667 2.0712093 2.8529545 1.5365443 2.8950222 1.6072207 3.2094796 2.7474572 2.8412857 1.6250070 2.4453089 2.6060961 1.1162775 3.0150641 2.9330370 1.0230450 2.9508953 2.8003993 0.8698068 2.4408903 2.8394101 1.6169780 0.9158108 2.6317436 2.6604194 1.5918811 1.0528223 2.8837915 3.7026066 2.2041166 
Anthopleura_elegantissima_47641               1.1309776 2.6349971 0.6993212 3.0531803 3.0530154 0.0000000 3.9623453 2.4826211 3.4320233 0.9604150 2.6242749 2.3788995 0.9730477 2.9212145 4.0425914 1.5892869 0.4703832 4.2787910 1.8241748 3.2663998 3.1484001 1.4608496 0.5438210 2.8063026 3.3213852 1.1800446 3.2463351 1.5657009 2.7932562 0.9452506 3.1682964 3.8225920 1.2311685 2.7048758 0.9823503 3.1059116 3.3527423 3.5271214 0.7176229 3.2586968 2.3951019 2.4374804 3.7366501 2.6597000 0.8269421 3.0322135 4.1375553 2.4870476 0.9140668 3.1642093 0.9181829 2.2324993 3.2899480 0.9298830 0.9073048 2.7878693 2.7718179 2.8157525 2.6311561 0.7217268 0.8205066 3.0226305 2.4548640 0.9308551 0.7429624 3.1340974 3.0321197 0.7696960 4.2097114 2.4682967 
Acropora_hyacinthus_5411                      3.3959718 3.6565774 3.2267619 3.3640137 3.1106556 3.9623453 0.0000000 2.2332585 3.1014088 3.0849945 2.1428498 3.5268544 3.5571486 2.7035006 3.4258477 4.1856810 3.0958633 2.0598025 3.5251222 1.6610364 3.7159732 3.0571559 3.6479322 3.2233568 3.7843243 3.7655801 3.4135636 3.0138080 3.0261648 3.7445111 2.4426836 3.4722909 3.6120031 2.9026850 3.5523507 2.9007335 2.3489373 3.4002719 3.1943173 3.4127541 4.9273825 3.2772610 2.2685444 2.7219046 3.3314562 2.8651815 0.1605523 2.8384327 3.1176104 3.1096569 2.8864883 4.5479802 4.6364949 4.3279773 3.2875207 3.1141832 3.0974301 2.1898442 3.1987496 3.0601425 3.2571307 2.8631046 5.0949807 2.8692513 3.4134796 3.1362159 3.3135218 3.2990471 0.8145751 3.5323205 
Acropora_hyacinthus_9033                      2.9207613 1.8509139 2.8602157 1.7435261 1.5546639 2.4826211 2.2332585 0.0000000 1.6598572 2.7191872 2.9186785 3.9230302 2.6561379 1.5835464 2.3179050 2.9703220 0.0000010 0.0000010 4.2015527 2.7162266 2.0017265 3.0464415 2.6742291 1.7920400 2.0723875 2.7194705 2.4344377 2.8104680 1.8610926 2.8015315 2.4888992 2.0138654 2.9634863 1.9823626 2.5525530 1.5958869 2.2853787 3.5040869 2.4639496 4.0907273 3.3133649 2.3243389 3.2589359 2.1394340 2.6767983 1.7399690 3.3397539 6.6430182 2.6450340 1.6472855 2.4620779 2.7823584 2.0995286 2.7667290 2.6152576 1.8573594 3.0350257 2.4829458 1.8573594 2.6188813 2.6766556 1.7693527 1.7919541 2.5829705 2.7909910 1.7605956 1.8332030 2.5776945 3.0952383 8.9800199 
Acropora_millepora_6116                       3.3156798 1.7084341 2.5882553 0.0164455 1.5716560 3.4320233 3.1014088 1.6598572 0.0000000 2.9334010 2.7128839 2.1969090 3.5011265 0.6627791 2.1127339 2.5703446 3.0863415 0.0843263 2.8832814 3.4510089 1.9039895 3.2033779 2.8104467 1.5010972 1.8693344 2.7852232 1.8649970 3.8933877 1.5179232 3.1359209 2.5868635 2.4099319 3.5260309 1.4142484 3.3832166 0.7939130 2.4679828 2.6989603 3.0800385 2.8075741 2.7223827 2.5029013 2.5299434 0.7730619 2.8714245 0.7501639 3.1092007 3.6186568 3.1599597 0.7030094 3.1164626 3.1115898 1.6458603 2.5925054 3.1336227 1.4540516 4.2862555 3.0126332 1.4615220 2.5518776 2.8602960 0.7535649 1.5763764 3.1574372 2.5790227 0.8725128 1.4976830 2.7388410 3.2749972 2.9592226 
Acropora_millepora_12853                      1.3536336 2.4667069 0.0000010 2.6127308 2.8214717 0.9604150 3.0849945 2.7191872 2.9334010 0.0000000 2.4990785 2.5983937 0.5574742 2.4537454 3.3634190 1.7006905 0.0520282 3.3777715 1.6727150 2.8574229 2.9966829 1.6040247 0.2775877 2.6578693 2.9168010 1.5233519 3.7380958 1.5388428 2.6417404 0.6081567 2.8815766 3.5728759 0.6518521 2.5672008 0.5749439 2.2532474 3.8436363 3.4257618 0.8782985 3.0441199 2.6295744 2.6794213 3.7743359 2.2702370 0.6505487 2.6409011 3.1129004 2.3270021 0.5442496 2.5447439 0.3596534 2.1199439 2.9656997 0.4972391 0.5165131 2.4383073 3.0276002 2.8916682 2.2881267 0.3511050 0.6398771 2.6348955 2.8043851 0.3716029 0.3849800 2.7937928 2.8676927 0.5763568 3.9981048 2.0960502 
Acropora_palmata_3542                         2.9728320 2.4341517 2.4918247 2.7005134 2.5635715 2.6242749 2.1428498 2.9186785 2.7128839 2.4990785 0.0000000 2.4260884 2.5168214 2.1776253 2.8860005 2.9347406 9.0000000 0.0000010 3.5400596 4.6987699 2.8781279 2.9214752 2.4282101 2.5128702 3.2311006 2.6764361 2.9501500 3.6799369 2.5669339 2.5676699 3.4174096 3.2684844 2.8099437 2.5922413 2.4474206 2.2023366 3.4775353 2.7796533 2.3852191 4.6460947 3.9683932 3.2617534 4.4383675 2.3636703 2.3962978 2.3031722 2.7726687 2.9313373 2.4500999 2.4941474 2.9173522 3.6975456 3.2114237 2.8254693 2.4427749 2.7731685 4.3000842 3.6420769 2.7731685 2.5131514 2.4021419 2.3031722 2.7214768 3.0248246 2.4347850 2.2437316 2.5508440 2.3550134 4.5945630 3.0003140 
Acropora_palmata_5159                         2.6731180 2.0766056 2.3943188 2.1403108 2.2144823 2.3788995 3.5268544 3.9230302 2.1969090 2.5983937 2.4260884 0.0000000 2.4874253 2.2284988 3.2883962 2.8130805 5.9883377 3.8773659 2.7969572 4.0245631 2.5995938 2.8751949 2.5885010 1.9171824 2.9599012 1.7608544 2.8813694 2.7808519 1.9357268 2.4465491 2.4406535 2.9383605 2.4319089 1.9983671 2.4522804 2.1550986 3.0850683 2.6819895 2.2072873 3.7612807 4.2501319 4.0436142 3.2616906 1.8251817 2.3457402 2.4729190 4.0744932 4.4331811 2.3100811 2.3022908 5.4301491 3.2121820 2.6516471 5.8313072 2.4102966 1.8959405 4.1098388 3.2346564 1.8581801 2.2681297 2.3333408 2.4782691 2.1046745 5.6106937 2.0800645 2.2554176 1.9838436 2.2759503 4.1803327 3.1128066 
protein|evm.model.chromosome_4.119            1.3858680 2.5232515 0.2671212 2.8032539 2.9787124 0.9730477 3.5571486 2.6561379 3.5011265 0.5574742 2.5168214 2.4874253 0.0000000 2.6314370 3.4874064 1.6505854 0.5370021 4.6374544 1.7893285 2.9613403 2.8689083 1.5642112 0.0788831 2.8557015 2.8056523 1.1673260 3.7452504 1.4918935 2.7057893 0.4020729 2.9417218 3.3509930 0.7426758 2.6327071 0.2136869 2.6875648 3.7810382 3.1923756 0.7709246 3.2795279 2.6161430 2.4175259 3.6400087 2.3944398 0.4842331 3.0472533 3.2761476 2.6552419 0.4548685 2.7793850 0.1782030 2.3212842 3.1994497 0.4171278 0.4275917 2.6007738 2.6828556 2.6361350 2.4747136 0.3363549 0.4799151 3.0517647 2.7942698 0.1911778 0.2914493 2.8487942 3.1603545 0.4386034 3.7790033 2.2736684 
protein|evm.model.chromosome_13.1479          2.7082136 1.5975741 2.1758620 0.5891982 1.6293218 2.9212145 2.7035006 1.5835464 0.6627791 2.4537454 2.1776253 2.2284988 2.6314370 0.0000000 2.0578483 2.5089657 7.6385861 0.9844094 2.7652469 3.3859759 1.7578406 2.9357972 2.3564213 1.5551949 1.8577279 2.6026562 2.0261229 3.2628406 1.5280662 2.5817005 2.5476229 2.1642675 2.9231312 1.4802392 2.6742993 0.1977109 2.5386230 2.1432380 2.6068415 2.6329931 2.9288493 2.2249653 2.6164426 0.3131205 2.3251997 0.4038618 2.6426430 3.0322509 2.6366321 0.4932403 2.3755914 2.5894412 1.7067024 2.1579482 2.6132795 1.4111887 3.7224826 2.6395251 1.2891469 2.0649975 2.2947128 0.4095322 1.5736286 2.4570443 2.2138414 0.4784378 1.5840979 2.3290038 2.9272156 2.7214311 
Amphimedon_queenslandica_21637                3.9573024 2.1309726 3.5750327 1.8887837 1.8015520 4.0425914 3.4258477 2.3179050 2.1127339 3.3634190 2.8860005 3.2883962 3.4874064 2.0578483 0.0000000 3.8500553 9.0000000 2.0804839 5.8371803 2.9715825 1.9492059 3.9902995 3.4352121 1.8138255 1.8337865 5.1454673 1.9791398 4.0391425 2.0097624 3.3473373 3.6530030 2.8062080 3.1509948 1.7827253 3.4064772 1.9653298 2.6215744 2.8978929 4.3329707 2.9994181 3.3338193 2.5349710 2.9712669 2.2536022 3.0662864 2.2657815 3.7093709 3.2232228 3.4114170 1.9476639 2.7191215 3.7879366 1.9936212 2.8036282 3.3778307 1.8512743 3.6487505 2.2721787 1.8676194 3.0157430 2.9972275 2.2916457 1.5395242 2.7322042 3.0540408 2.5071650 2.0071856 3.0660338 3.3761843 3.0438444 
Amphimedon_queenslandica_24710                1.7197421 2.5218871 1.6332981 2.7618248 2.8399004 1.5892869 4.1856810 2.9703220 2.5703446 1.7006905 2.9347406 2.8130805 1.6505854 2.5089657 3.8500553 0.0000000 1.0293593 2.2786497 2.0328604 3.6358753 2.8649132 1.1385450 1.4993398 2.4634596 2.7946713 1.6086022 2.4221863 1.7351155 2.3547025 1.7426682 3.0865942 4.0521505 1.9778480 2.3458961 1.6486469 2.7056191 3.2882571 3.2846024 1.6437457 3.4714240 3.0855028 2.7939269 4.1559403 2.2472526 1.7018376 2.3871976 3.9970929 2.6627145 1.5925706 2.4522752 1.5586715 2.1991888 2.4602373 1.7690026 1.5431400 2.2662107 3.5133988 3.9793361 2.1705419 1.3810088 1.7254216 2.3728846 2.4927397 1.5590425 1.3709976 2.3484472 2.3690667 1.5409218 3.7663900 2.4177809 
Acropora_tenuis_14787                         1.3288384 9.0000000 0.0000010 9.0000000 3.1380389 0.4703832 3.0958633 0.0000010 3.0863415 0.0520282 9.0000000 5.9883377 0.5370021 7.6385861 9.0000000 1.0293593 0.0000000 2.5732042 1.3079813 3.4344832 1.2577943 1.3221943 0.6359109 3.3991211 0.0000010 0.6359109 3.4308412 1.1500485 3.1262359 0.6359109 2.0365083 2.9123272 1.5107091 2.9517698 0.4859201 9.0000000 0.0000010 3.2148651 0.2597949 2.3189663 2.0419618 1.5682379 1.0467035 9.0000000 0.5868967 9.0000000 0.0000010 2.0234767 0.5083023 2.4808387 0.0000010 6.2190616 9.0000000 1.0866854 0.2801773 2.9613333 1.8431025 2.8271699 3.1262359 0.9714336 0.6091348 9.0000000 0.0000010 0.0000010 0.5148428 9.0000000 3.4871406 0.5889572 2.6564874 1.1515579 
Acropora_tenuis_15491                         4.2455152 0.0000010 0.0000010 0.0000010 1.5024446 4.2787910 2.0598025 0.0000010 0.0843263 3.3777715 0.0000010 3.8773659 4.6374544 0.9844094 2.0804839 2.2786497 2.5732042 0.0000000 8.9999986 2.3827009 2.2725789 3.3583711 0.0000010 1.7260602 2.6852943 7.1547854 5.2172089 3.6535401 2.0500095 8.9999983 3.4341781 2.5285263 2.4350710 1.7757896 5.1001333 1.0910796 0.0000010 4.3069120 3.2667167 3.2450232 4.7936872 0.0000010 3.0068992 2.2708671 3.1659272 1.3422048 0.0000010 2.7689075 3.6615867 0.9119922 0.0000010 0.0000010 0.0000010 1.7865709 3.6615867 1.7346888 2.8109159 4.3464276 2.0119394 0.0000010 3.1659272 1.3178850 0.0000010 0.0000010 0.0000010 2.0506275 1.5911258 3.0702460 3.1443124 2.2851636 
Anemonia_viridis_1669                         2.1376345 2.6821062 1.6860237 2.5999564 3.1026998 1.8241748 3.5251222 4.2015527 2.8832814 1.6727150 3.5400596 2.7969572 1.7893285 2.7652469 5.8371803 2.0328604 1.3079813 8.9999986 0.0000000 4.6033697 2.9006031 1.8872964 1.8030070 3.2574039 7.7716279 1.8510388 5.3322006 2.8607190 3.3164393 1.8235204 3.7949383 4.8705144 1.9047644 3.0182944 1.8709472 2.7873762 4.8380305 3.5685328 1.9197608 3.8087857 3.7151435 4.6116526 5.1854804 2.5232948 1.9177500 2.6751803 3.7745141 3.6380074 1.6838587 2.7015664 2.1666720 2.8134054 4.7188504 2.3565771 1.7114338 3.1542080 4.3477243 4.0786764 3.2649452 1.8372301 1.9331706 2.6364575 5.0070222 2.2126886 1.7667523 2.5834302 3.5740443 1.7273169 5.0278122 4.6396585 
Anemonia_viridis_2289                         2.9044013 5.6350781 2.5863609 3.5401407 3.5827362 3.2663998 1.6610364 2.7162266 3.4510089 2.8574229 4.6987699 4.0245631 2.9613403 3.3859759 2.9715825 3.6358753 3.4344832 2.3827009 4.6033697 0.0000000 4.5651813 3.4439402 2.8190990 3.9076717 4.8541029 3.3152984 3.9530037 4.9561304 3.9275672 3.1216480 3.7700552 4.0894466 3.0665333 3.7177032 3.1958191 3.4505818 3.5527094 4.9276025 3.4097221 4.2158780 5.2099283 4.5718890 4.4395825 4.0706842 3.3422346 3.8227568 1.5640827 3.4319031 3.2842437 3.5611240 2.0725638 3.6420663 4.9447980 2.5652008 3.3356416 3.6135400 4.5270041 3.1875356 3.6762756 2.8857438 3.2692889 3.9672195 3.4888297 2.2078881 2.9170483 3.9763256 4.3635207 3.0110413 1.7449440 3.7022790 
Ephydatia_muelleri_6597                       3.7456457 1.7868920 2.6212276 1.6319008 1.4779339 3.1484001 3.7159732 2.0017265 1.9039895 2.9966829 2.8781279 2.5995938 2.8689083 1.7578406 1.9492059 2.8649132 1.2577943 2.2725789 2.9006031 4.5651813 0.0000000 3.0873856 2.5710576 1.4820870 1.1213109 2.7455752 1.7733873 3.5211832 1.4604393 2.5368298 2.5461360 2.3725257 2.9128341 1.5114747 2.7402435 1.7896184 2.3862160 2.5343620 2.7936996 3.7767978 3.4408285 2.8605235 2.9854407 1.8545888 2.8495192 2.0251771 3.0837847 4.0213142 2.8688218 1.8329066 1.9875276 2.8256939 1.6756712 2.5285551 2.8149025 1.4331625 3.0678834 2.7653385 1.4216093 2.0084430 2.7911988 2.0201581 1.4365441 2.1056020 1.9416937 1.9422132 1.4601987 2.5532847 3.5161793 3.1195922 
Ephydatia_muelleri_7728                       1.5013372 2.5559120 1.3669437 2.8462712 2.8047487 1.4608496 3.0571559 3.0464415 3.2033779 1.6040247 2.9214752 2.8751949 1.5642112 2.9357972 3.9902995 1.1385450 1.3221943 3.3583711 1.8872964 3.4439402 3.0873856 0.0000000 1.2830562 2.4931325 3.5951174 1.4006183 3.0386742 1.6695743 2.4553571 1.6244909 3.0058422 3.7261039 1.8896113 2.4027105 1.5919248 2.8105163 3.3755735 3.4520024 1.4024713 3.2466576 2.9456176 2.5977744 3.6621457 2.9246058 1.5761859 3.0397736 3.7129536 2.4739064 1.5419651 3.1088554 1.5203326 2.0050385 2.9395424 1.6954856 1.5067642 2.5146949 2.9543325 2.9839975 2.3070407 1.4943594 1.5768737 3.0138595 2.4419573 1.5945865 1.5149476 2.7747503 2.6665275 1.5187644 3.7050491 2.6523999 
Fungia_scutaria_28429                         0.9341768 2.4414359 0.2905996 2.7773115 2.5655860 0.5438210 3.6479322 2.6742291 2.8104467 0.2775877 2.4282101 2.5885010 0.0788831 2.3564213 3.4352121 1.4993398 0.6359109 0.0000010 1.8030070 2.8190990 2.5710576 1.2830562 0.0000000 2.3941063 3.3015433 0.9974775 3.7821006 2.3307738 2.5118800 0.2551481 3.4901288 3.4486800 0.4306177 2.2102623 0.1287513 2.2268835 3.5817196 3.4744319 0.7481204 3.6659069 2.4974002 2.7075381 3.9637922 2.0134549 0.3034455 2.3869153 3.0684632 2.4787413 0.2231049 2.4042353 0.0917104 2.2741795 3.2929651 0.2595861 0.2165312 2.3074293 2.7845805 2.7687469 2.3074293 0.2095427 0.2863021 2.3958266 2.8276499 0.1285711 0.2206658 2.4254225 2.5770165 0.2397517 3.9122880 2.3715855 
Fungia_scutaria_58854                         3.0250522 1.2532476 2.3970944 1.3712491 0.9996675 2.8063026 3.2233568 1.7920400 1.5010972 2.6578693 2.5128702 1.9171824 2.8557015 1.5551949 1.8138255 2.4634596 3.3991211 1.7260602 3.2574039 3.9076717 1.4820870 2.4931325 2.3941063 0.0000000 1.3556387 2.0368230 1.7977094 3.6408887 0.1990649 2.5115500 2.3412624 2.4530219 2.5628827 0.5018936 3.1022119 1.4424768 3.0816538 2.1482041 2.6017980 2.8482027 2.7452169 2.2183305 2.5018503 1.3784672 2.6736985 1.5785616 3.3130655 2.5810658 2.7647819 1.4992370 2.5543458 2.4985484 0.5182231 2.8033475 2.7502904 0.4271292 3.1500995 2.7726788 0.3712692 2.4492495 2.6179997 1.5817928 0.2502270 2.6807011 2.3013637 1.4377663 0.4259023 2.7462978 3.7577292 2.1574585 
Gorgonia_ventalina_46388                      3.9808170 1.6790848 3.0244687 1.9815270 1.5799744 3.3213852 3.7843243 2.0723875 1.8693344 2.9168010 3.2311006 2.9599012 2.8056523 1.8577279 1.8337865 2.7946713 0.0000010 2.6852943 7.7716279 4.8541029 1.1213109 3.5951174 3.3015433 1.3556387 0.0000000 3.5318147 1.5255248 5.8736086 1.5519600 3.4436483 2.6136050 2.4554017 3.7959639 1.5194704 3.0464110 2.0583458 3.8691637 2.9143990 3.2814680 3.5105611 4.7662431 2.9721253 3.1494812 1.9064022 3.1283484 1.8607513 4.0029531 5.0606142 2.7536591 1.7305315 2.5972593 2.5789715 1.5752890 2.5062987 2.7186146 1.3701229 4.0375944 3.3350928 1.3701229 2.5548898 2.9457424 1.8607513 1.2357263 2.5465086 2.8918606 1.9050182 1.4659633 2.9846607 4.2006367 3.0317089 
Gorgonia_ventalina_65685                      1.3315680 2.0048570 1.3240862 1.9026109 2.2535384 1.1800446 3.7655801 2.7194705 2.7852232 1.5233519 2.6764361 1.7608544 1.1673260 2.6026562 5.1454673 1.6086022 0.6359109 7.1547854 1.8510388 3.3152984 2.7455752 1.4006183 0.9974775 2.0368230 3.5318147 0.0000000 2.9372857 1.8980953 2.2371436 1.1900022 2.8135674 4.2958619 1.2436748 2.2027137 1.2442285 2.9085286 2.8179291 2.9084803 1.1900455 3.1123363 2.7687119 3.1168369 3.4706814 2.7848118 1.1155794 2.1666894 4.2689093 3.3759298 1.1420421 2.7500619 1.1366517 2.0751800 2.6335225 1.0554845 1.1419566 2.0579687 2.9671873 3.1213747 2.0579687 0.8184748 1.1162268 2.1757408 2.3922882 1.1481490 0.8500513 2.1657353 2.1483217 1.0532227 3.2502926 3.1608749 
Hydra_magnapapillata_6561                     3.4201693 2.1457061 3.9057526 1.9753546 1.8322251 3.2463351 3.4135636 2.4344377 1.8649970 3.7380958 2.9501500 2.8813694 3.7452504 2.0261229 1.9791398 2.4221863 3.4308412 5.2172089 5.3322006 3.9530037 1.7733873 3.0386742 3.7821006 1.7977094 1.5255248 2.9372857 0.0000000 4.6337572 1.8443370 3.9200373 2.7223715 2.4456205 3.8167427 1.7810911 3.7306997 2.1409388 2.4563657 2.7577737 3.0152226 2.5801766 3.7645561 2.5439405 3.1259221 2.1886487 3.2830719 2.1171669 3.4624620 2.5623257 3.4669797 2.0315746 4.0911913 3.4258865 1.7572269 3.7241224 3.4383305 1.7904627 3.0729002 2.8714347 1.6878155 3.4942656 3.3197545 2.1143017 1.3392377 4.0890448 3.2149070 2.0530031 1.7856287 3.1800202 3.9738012 2.6972056 
Hydra_magnapapillata_8206                     2.0117295 3.4276213 1.9644119 3.8267115 3.8849385 1.5657009 3.0138080 2.8104680 3.8933877 1.5388428 3.6799369 2.7808519 1.4918935 3.2628406 4.0391425 1.7351155 1.1500485 3.6535401 2.8607190 4.9561304 3.5211832 1.6695743 2.3307738 3.6408887 5.8736086 1.8980953 4.6337572 0.0000000 3.8711536 1.8995814 3.1434207 4.5135710 2.1743067 3.4601764 1.5612658 3.2539621 4.5835246 2.9404656 1.6909552 3.5918326 2.9149018 2.9395863 3.7317599 3.0849147 1.4958313 3.6885956 4.3198947 2.5833770 1.5311348 3.3516667 2.2712314 2.8937960 3.5508676 2.1409822 1.5407150 3.7221453 4.7080489 3.1311304 3.4798268 1.7841448 1.4958313 3.6354947 2.6753027 2.2155251 1.9981306 3.6091882 3.9038345 1.4026981 3.8013491 2.6979131 
Madracis_auretenra_48396                      2.9001429 1.2600200 2.5837312 1.3767054 0.8256816 2.7932562 3.0261648 1.8610926 1.5179232 2.6417404 2.5669339 1.9357268 2.7057893 1.5280662 2.0097624 2.3547025 3.1262359 2.0500095 3.3164393 3.9275672 1.4604393 2.4553571 2.5118800 0.1990649 1.5519600 2.2371436 1.8443370 3.8711536 0.0000000 2.7258003 2.5290987 2.4709241 2.8262150 0.4019308 2.9596322 1.4166491 3.2704536 2.1277084 2.6278281 2.8630812 3.1499627 2.3794199 2.4681520 1.3217725 2.4974965 1.6013599 2.9926605 2.5739554 2.7948767 1.5634702 2.7596461 2.6304408 0.3342723 2.5984697 2.7762688 0.3581469 3.3459130 2.7124608 0.3774518 2.6522522 2.4207973 1.5920675 0.3374521 2.8760569 2.4159362 1.4881716 0.1832666 2.5338654 4.0488133 2.0914044 
Madracis_auretenra_56665                      1.3644157 2.4366730 0.3973646 2.7081684 2.6908554 0.9452506 3.7445111 2.8015315 3.1359209 0.6081567 2.5676699 2.4465491 0.4020729 2.5817005 3.3473373 1.7426682 0.6359109 8.9999983 1.8235204 3.1216480 2.5368298 1.6244909 0.2551481 2.5115500 3.4436483 1.1900022 3.9200373 1.8995814 2.7258003 0.0000000 3.5518102 3.4195831 0.7770380 2.4065701 0.4042125 2.5656455 4.0275857 3.4967508 0.9242269 3.4670674 2.5183589 2.7576455 3.7240315 2.3243167 0.3467599 2.7347088 3.1342620 2.5331699 0.5556863 2.5701002 0.3842497 2.3167319 3.5000979 0.3138172 0.5495397 2.3361463 2.9283637 2.9169831 2.3361463 0.4274840 0.3390611 2.7249500 2.7550970 0.4154562 0.2425172 2.6212852 2.8542410 0.2937350 3.9181969 2.2379311 
Monosiga_brevicollis_3046                     2.8839550 2.3038871 3.0794099 2.5014484 2.2810637 3.1682964 2.4426836 2.4888992 2.5868635 2.8815766 3.4174096 2.4406535 2.9417218 2.5476229 3.6530030 3.0865942 2.0365083 3.4341781 3.7949383 3.7700552 2.5461360 3.0058422 3.4901288 2.3412624 2.6136050 2.8135674 2.7223715 3.1434207 2.5290987 3.5518102 0.0000000 2.5293477 3.4718425 2.4426705 3.1042731 2.8166979 3.8104901 2.2139751 2.7874141 3.1666255 3.8660029 2.6251422 2.3586361 2.7492219 3.0113207 2.3975542 3.8384613 3.8018329 2.8268685 2.6829584 3.6469694 3.8889577 2.8211265 3.8765592 2.9436399 2.5672919 4.1476544 2.4888732 2.7647712 2.9627970 3.0367107 2.5167028 2.6334858 3.6928487 3.3070540 2.6377500 2.4863630 3.0780791 3.1067841 3.3686011 
Monosiga_brevicollis_9040                     3.1785027 1.9130652 3.2842192 2.5037119 2.2302902 3.8225920 3.4722909 2.0138654 2.4099319 3.5728759 3.2684844 2.9383605 3.3509930 2.1642675 2.8062080 4.0521505 2.9123272 2.5285263 4.8705144 4.0894466 2.3725257 3.7261039 3.4486800 2.4530219 2.4554017 4.2958619 2.4456205 4.5135710 2.4709241 3.4195831 2.5293477 0.0000000 3.6892466 2.5214032 3.4204197 2.2235850 2.9987993 2.9712732 3.6544697 3.0783775 2.9979733 2.7481801 2.8989491 2.2641190 3.1751064 2.1553932 3.5751829 3.7996556 3.4850435 2.1042636 3.3593527 3.3235930 2.5628791 3.0037687 3.6116746 2.4899213 3.1188438 3.0420763 2.4105952 3.4281640 3.1730692 2.1523577 2.2986556 3.5206291 3.2627830 2.2582634 2.6705054 3.3783665 3.1119368 3.4498408 
Montipora_capitata_HIv3___RNAseq.g8840.t1     1.5212974 2.9079383 0.2590087 3.0628578 2.9579472 1.2311685 3.6120031 2.9634863 3.5260309 0.6518521 2.8099437 2.4319089 0.7426758 2.9231312 3.1509948 1.9778480 1.5107091 2.4350710 1.9047644 3.0665333 2.9128341 1.8896113 0.4306177 2.5628827 3.7959639 1.2436748 3.8167427 2.1743067 2.8262150 0.7770380 3.4718425 3.6892466 0.0000000 2.5664093 0.8200018 2.9690166 3.8360884 3.9812254 1.1620183 3.6061707 3.0855806 3.0525877 3.8930458 2.4836632 0.8115571 3.2067942 3.0231518 2.9811902 0.7738419 3.1416500 0.8604630 2.2694875 3.5581120 1.1012636 0.7696007 2.3801168 2.9875573 3.3578978 2.4203757 0.7693116 0.8004513 3.2176771 3.3668372 0.8835360 0.8050375 3.2114143 2.6533929 0.7768812 4.5813803 2.4337784 
Montipora_capitata_HIv3___RNAseq.g47961.t1    2.9887085 1.3836497 2.2106206 1.2509818 1.0843581 2.7048758 2.9026850 1.9823626 1.4142484 2.5672008 2.5922413 1.9983671 2.6327071 1.4802392 1.7827253 2.3458961 2.9517698 1.7757896 3.0182944 3.7177032 1.5114747 2.4027105 2.2102623 0.5018936 1.5194704 2.2027137 1.7810911 3.4601764 0.4019308 2.4065701 2.4426705 2.5214032 2.5664093 0.0000000 2.7842514 1.3408136 3.0255988 2.2755076 2.5374496 2.7767120 2.7014581 2.1693212 2.4365474 1.1998495 2.6054984 1.5003433 3.4356513 2.3374034 2.6127084 1.4117827 2.4775429 2.4414401 0.5973211 2.4623191 2.6004173 0.4238253 3.2131155 3.1126965 0.3387599 2.2434097 2.5505334 1.5046263 0.5345658 2.5186484 2.1354314 1.4521118 0.5946904 2.7168234 3.5760695 2.3448296 
Montastraea_cavernosa_49417                   1.4267013 2.6207737 0.2905971 2.7278772 3.0661344 0.9823503 3.5523507 2.5525530 3.3832166 0.5749439 2.4474206 2.4522804 0.2136869 2.6742993 3.4064772 1.6486469 0.4859201 5.1001333 1.8709472 3.1958191 2.7402435 1.5919248 0.1287513 3.1022119 3.0464110 1.2442285 3.7306997 1.5612658 2.9596322 0.4042125 3.1042731 3.4204197 0.8200018 2.7842514 0.0000000 2.7472257 3.4524294 3.5169286 0.8249166 3.2889969 2.6337152 2.2682950 3.5733569 2.2817225 0.5108629 2.8475129 3.4368153 2.7268341 0.4890520 2.6680787 0.0963024 2.2807711 3.3522054 0.4385287 0.4633619 2.6859417 2.7340618 2.7873752 2.5754083 0.3622314 0.5061682 2.8833335 3.0568608 0.1422980 0.3117645 2.7249682 3.2299652 0.4540451 3.7537653 2.3598878 
Montastraea_cavernosa_115239                  2.6732396 1.4548221 2.0992314 0.6186581 1.5456625 3.1059116 2.9007335 1.5958869 0.7939130 2.2532474 2.2023366 2.1550986 2.6875648 0.1977109 1.9653298 2.7056191 9.0000000 1.0910796 2.7873762 3.4505818 1.7896184 2.8105163 2.2268835 1.4424768 2.0583458 2.9085286 2.1409388 3.2539621 1.4166491 2.5656455 2.8166979 2.2235850 2.9690166 1.3408136 2.7472257 0.0000000 2.4641492 2.4193446 2.8065924 3.1182823 2.9995604 2.3322452 2.7828856 0.1710420 2.4318942 0.4828337 2.7117144 3.0388457 2.6594920 0.5949977 2.2725019 2.6453444 1.6010319 2.1563012 2.6262704 1.2664587 3.6523188 2.6391016 1.2176073 1.8420310 2.3797957 0.4802737 1.5872637 2.4150966 1.9320372 0.4751559 1.4795625 2.4547108 3.0634301 2.9631185 
Mnemiopsis_leidyi_4769                        3.4220693 2.2013290 3.7125789 2.4662969 2.3962854 3.3527423 2.3489373 2.2853787 2.4679828 3.8436363 3.4775353 3.0850683 3.7810382 2.5386230 2.6215744 3.2882571 0.0000010 0.0000010 4.8380305 3.5527094 2.3862160 3.3755735 3.5817196 3.0816538 3.8691637 2.8179291 2.4563657 4.5835246 3.2704536 4.0275857 3.8104901 2.9987993 3.8360884 3.0255988 3.4524294 2.4641492 0.0000000 4.1811080 2.7065155 3.8079476 6.3145519 3.2599169 4.1145709 2.1537731 3.9373705 2.3750026 2.6939869 4.3987820 3.7320900 2.3801982 4.0275749 3.4840431 3.4474250 4.6144217 3.5094720 2.7823814 2.6036857 3.0352132 2.7823814 3.9140900 3.9361411 2.3750026 3.3742578 3.9972045 3.9605234 2.3250649 3.1886721 3.7861336 2.8779368 5.8583293 
Mnemiopsis_leidyi_8807                        3.2343376 3.0098417 3.5965815 2.5790756 2.3313803 3.5271214 3.4002719 3.5040869 2.6989603 3.4257618 2.7796533 2.6819895 3.1923756 2.1432380 2.8978929 3.2846024 3.2148651 4.3069120 3.5685328 4.9276025 2.5343620 3.4520024 3.4744319 2.1482041 2.9143990 2.9084803 2.7577737 2.9404656 2.1277084 3.4967508 2.2139751 2.9712732 3.9812254 2.2755076 3.5169286 2.4193446 4.1811080 0.0000000 2.7488355 3.2602532 4.6627907 2.9284873 2.5035619 2.4221154 3.2701661 2.3773984 3.2086423 4.2682731 3.2711815 2.2379918 2.9450334 3.0144392 2.5414771 3.1484863 3.2711815 2.3007960 3.7615416 2.6082426 2.2852725 2.9977106 3.2901934 2.3784801 1.5495687 3.3150136 3.0387593 2.2676683 2.1068407 3.1408674 3.7012054 3.8502128 
Nematostella_vectensis_2148                   1.1335826 2.2377813 0.8091049 2.6276571 2.8381770 0.7176229 3.1943173 2.4639496 3.0800385 0.8782985 2.3852191 2.2072873 0.7709246 2.6068415 4.3329707 1.6437457 0.2597949 3.2667167 1.9197608 3.4097221 2.7936996 1.4024713 0.7481204 2.6017980 3.2814680 1.1900455 3.0152226 1.6909552 2.6278281 0.9242269 2.7874141 3.6544697 1.1620183 2.5374496 0.8249166 2.8065924 2.7065155 2.7488355 0.0000000 3.1142860 2.6712823 2.1937292 4.0793059 2.6450642 0.8763835 2.7925740 3.3032075 2.7545154 0.8004257 2.8578250 0.8120380 2.1440873 3.1968453 0.9836635 0.7925294 2.2914292 3.1635578 2.5489951 2.1677965 0.7468077 0.8727060 2.7706771 2.5011645 0.8417637 0.7727802 2.7565174 2.8337363 0.7753903 4.2510961 2.8716104 
Nematostella_vectensis_18156                  3.0911190 3.4094541 3.3305685 3.2565618 3.4852751 3.2586968 3.4127541 4.0907273 2.8075741 3.0441199 4.6460947 3.7612807 3.2795279 2.6329931 2.9994181 3.4714240 2.3189663 3.2450232 3.8087857 4.2158780 3.7767978 3.2466576 3.6659069 2.8482027 3.5105611 3.1123363 2.5801766 3.5918326 2.8630812 3.4670674 3.1666255 3.0783775 3.6061707 2.7767120 3.2889969 3.1182823 3.8079476 3.2602532 3.1142860 0.0000000 3.6722357 3.1075890 3.4857687 3.1224384 2.9544951 2.9481960 4.9711439 2.4485880 3.0972425 2.5211532 3.3817722 4.4392790 2.8270940 2.9135812 3.0807697 3.2846827 3.7044762 3.5225906 3.1310801 3.2462216 2.9951044 2.9387178 2.5617518 3.1967223 3.1936641 3.1696414 2.8372799 2.9192827 4.3289731 2.5059814 
Oscarella_carmela_14446                       2.5424634 3.2684270 2.5420206 2.6139357 3.0283667 2.3951019 4.9273825 3.3133649 2.7223827 2.6295744 3.9683932 4.2501319 2.6161430 2.9288493 3.3338193 3.0855028 2.0419618 4.7936872 3.7151435 5.2099283 3.4408285 2.9456176 2.4974002 2.7452169 4.7662431 2.7687119 3.7645561 2.9149018 3.1499627 2.5183589 3.8660029 2.9979733 3.0855806 2.7014581 2.6337152 2.9995604 6.3145519 4.6627907 2.6712823 3.6722357 0.0000000 3.9161995 3.4151817 2.5595744 2.6244679 3.0254009 4.6348494 3.5418162 2.6477926 2.7155363 2.4492725 3.9331988 2.8735668 2.5126057 2.6706072 2.7359343 2.7379525 3.1676653 2.8012991 2.4297620 2.6053034 3.0178492 2.5085862 2.4760019 2.4620098 3.0450181 3.1576496 2.5249563 5.0396147 4.1374704 
Oscarella_carmela_20971                       2.7828574 2.5880307 2.9634922 2.5029013 2.0712093 2.4374804 3.2772610 2.3243389 2.5029013 2.6794213 3.2617534 4.0436142 2.4175259 2.2249653 2.5349710 2.7939269 1.5682379 0.0000010 4.6116526 4.5718890 2.8605235 2.5977744 2.7075381 2.2183305 2.9721253 3.1168369 2.5439405 2.9395863 2.3794199 2.7576455 2.6251422 2.7481801 3.0525877 2.1693212 2.2682950 2.3322452 3.2599169 2.9284873 2.1937292 3.1075890 3.9161995 0.0000000 2.5007206 2.7348106 2.5287913 2.3071912 4.1652497 3.0517625 2.4852872 2.3741877 2.3442238 3.7720647 2.5477226 2.5964321 2.4834156 2.2444182 2.7114378 2.6769100 2.2883556 2.7851553 2.4773668 2.2990174 2.3367454 2.3490539 2.9870437 2.1363388 2.1422733 2.5285940 3.8714839 3.2255471 
Montastraea_faveolata_1842                    4.5110071 2.2439439 4.8247776 2.4319518 2.8529545 3.7366501 2.2685444 3.2589359 2.5299434 3.7743359 4.4383675 3.2616906 3.6400087 2.6164426 2.9712669 4.1559403 1.0467035 3.0068992 5.1854804 4.4395825 2.9854407 3.6621457 3.9637922 2.5018503 3.1494812 3.4706814 3.1259221 3.7317599 2.4681520 3.7240315 2.3586361 2.8989491 3.8930458 2.4365474 3.5733569 2.7828856 4.1145709 2.5035619 4.0793059 3.4857687 3.4151817 2.5007206 0.0000000 2.5729101 3.3584103 2.7449967 2.5496951 7.1593500 3.6550439 2.5120737 3.3409733 5.8587654 2.4083842 3.7086921 3.5779101 2.5594837 3.4991770 2.4908084 2.2729396 3.5053268 3.1915975 2.7730947 2.5744261 3.4936864 3.3110091 2.3517206 2.5685530 3.2150059 3.2722245 4.2637767 
Montastraea_faveolata_5718                    2.8448648 1.1202034 2.0167937 0.5368908 1.5365443 2.6597000 2.7219046 2.1394340 0.7730619 2.2702370 2.3636703 1.8251817 2.3944398 0.3131205 2.2536022 2.2472526 9.0000000 2.2708671 2.5232948 4.0706842 1.8545888 2.9246058 2.0134549 1.3784672 1.9064022 2.7848118 2.1886487 3.0849147 1.3217725 2.3243167 2.7492219 2.2641190 2.4836632 1.1998495 2.2817225 0.1710420 2.1537731 2.4221154 2.6450642 3.1224384 2.5595744 2.7348106 2.5729101 0.0000000 2.3971663 0.4883831 2.4727123 2.8811963 2.5054729 0.6433521 2.0771306 2.1993291 1.7918573 1.8811477 2.4979003 1.1018006 3.3690922 2.6638095 1.0823140 1.5167818 2.3669367 0.4763054 1.7109915 2.4223272 1.6230888 0.5512330 1.4503298 2.3082001 2.5713850 2.6747473 
Pocillopora_acuta_HIv2___RNAseq.g16204.t1     1.3807662 2.6034402 0.4606546 2.4814126 2.8950222 0.8269421 3.3314562 2.6767983 2.8714245 0.6505487 2.3962978 2.3457402 0.4842331 2.3251997 3.0662864 1.7018376 0.5868967 3.1659272 1.9177500 3.3422346 2.8495192 1.5761859 0.3034455 2.6736985 3.1283484 1.1155794 3.2830719 1.4958313 2.4974965 0.3467599 3.0113207 3.1751064 0.8115571 2.6054984 0.5108629 2.4318942 3.9373705 3.2701661 0.8763835 2.9544951 2.6244679 2.5287913 3.3584103 2.3971663 0.0000000 2.7329382 3.1463868 2.6818596 0.5335285 2.4076221 0.4072657 2.4417229 3.1446493 0.0434497 0.5074974 2.4104200 2.9044153 2.9072298 2.1236926 0.4119256 0.0213349 2.7355963 2.3734572 0.4297772 0.1707510 2.5668819 3.0231911 0.2109167 3.6628399 2.2334344 
Pocillopora_acuta_HIv2___RNAseq.g8391.t1      2.9375811 1.5567022 2.2537846 0.6676130 1.6072207 3.0322135 2.8651815 1.7399690 0.7501639 2.6409011 2.3031722 2.4729190 3.0472533 0.4038618 2.2657815 2.3871976 9.0000000 1.3422048 2.6751803 3.8227568 2.0251771 3.0397736 2.3869153 1.5785616 1.8607513 2.1666894 2.1171669 3.6885956 1.6013599 2.7347088 2.3975542 2.1553932 3.2067942 1.5003433 2.8475129 0.4828337 2.3750026 2.3773984 2.7925740 2.9481960 3.0254009 2.3071912 2.7449967 0.4883831 2.7329382 0.0000000 2.8005811 3.2315258 2.8237716 0.5520862 2.4010569 2.5762823 1.7380988 2.1841916 2.7971054 1.4971958 3.9159805 2.7384251 1.4217232 2.1189546 2.6679219 0.0188154 1.7624369 2.5372102 2.2556626 0.2423792 1.5875474 2.6054377 3.0813330 2.7426742 
Porites_astreoides_6857                       3.7558676 3.3041261 3.1129004 3.1092007 3.2094796 4.1375553 0.1605523 3.3397539 3.1092007 3.1129004 2.7726687 4.0744932 3.2761476 2.6426430 3.7093709 3.9970929 0.0000010 0.0000010 3.7745141 1.5640827 3.0837847 3.7129536 3.0684632 3.3130655 4.0029531 4.2689093 3.4624620 4.3198947 2.9926605 3.1342620 3.8384613 3.5751829 3.0231518 3.4356513 3.4368153 2.7117144 2.6939869 3.2086423 3.3032075 4.9711439 4.6348494 4.1652497 2.5496951 2.4727123 3.1463868 2.8005811 0.0000000 2.9038594 3.0890095 2.9618482 2.3437877 4.8171072 4.9855463 3.1502678 2.9403516 3.3821280 3.6202616 2.2970773 3.3777961 2.8681258 3.0433899 2.7985409 4.5440621 2.3355834 3.0100360 2.7028448 3.3649664 3.1022662 1.0312955 3.5832422 
Porites_astreoides_10427                      2.6208127 3.8629625 2.3905589 3.8801116 2.7474572 2.4870476 2.8384327 6.6430182 3.6186568 2.3270021 2.9313373 4.4331811 2.6552419 3.0322509 3.2232228 2.6627145 2.0234767 2.7689075 3.6380074 3.4319031 4.0213142 2.4739064 2.4787413 2.5810658 5.0606142 3.3759298 2.5623257 2.5833770 2.5739554 2.5331699 3.8018329 3.7996556 2.9811902 2.3374034 2.7268341 3.0388457 4.3987820 4.2682731 2.7545154 2.4485880 3.5418162 3.0517625 7.1593500 2.8811963 2.6818596 3.2315258 2.9038594 0.0000000 2.4559844 2.9527181 2.5660006 9.0000000 2.4863543 2.8926325 2.3799056 2.5645770 2.6829032 2.4755744 2.4674101 2.1711413 2.6818596 3.2315258 1.8057250 2.2964286 2.6955382 3.7589358 2.8828873 2.6970143 3.6752843 1.0991946 
Porites_australiensis_35786                   1.3308273 2.4669702 0.3075349 2.7858263 2.8412857 0.9140668 3.1176104 2.6450340 3.1599597 0.5442496 2.4500999 2.3100811 0.4548685 2.6366321 3.4114170 1.5925706 0.5083023 3.6615867 1.6838587 3.2842437 2.8688218 1.5419651 0.2231049 2.7647819 2.7536591 1.1420421 3.4669797 1.5311348 2.7948767 0.5556863 2.8268685 3.4850435 0.7738419 2.6127084 0.4890520 2.6594920 3.7320900 3.2711815 0.8004257 3.0972425 2.6477926 2.4852872 3.6550439 2.5054729 0.5335285 2.8237716 3.0890095 2.4559844 0.0000000 2.6645143 0.3656814 2.1787324 3.3663673 0.4980746 0.0245831 2.5440194 2.8304082 2.7543222 2.4201916 0.0089858 0.5302257 2.8216358 2.8207631 0.3925491 0.3844629 2.7578952 3.0008885 0.5156094 3.6045134 2.3940899 
Porites_australiensis_44369                   3.1705773 1.6767427 2.2145340 0.6783004 1.6250070 3.1642093 3.1096569 1.6472855 0.7030094 2.5447439 2.4941474 2.3022908 2.7793850 0.4932403 1.9476639 2.4522752 2.4808387 0.9119922 2.7015664 3.5611240 1.8329066 3.1088554 2.4042353 1.4992370 1.7305315 2.7500619 2.0315746 3.3516667 1.5634702 2.5701002 2.6829584 2.1042636 3.1416500 1.4117827 2.6680787 0.5949977 2.3801982 2.2379918 2.8578250 2.5211532 2.7155363 2.3741877 2.5120737 0.6433521 2.4076221 0.5520862 2.9618482 2.9527181 2.6645143 0.0000000 2.6116658 2.4076109 1.6028604 2.2746732 2.6400490 1.4023278 3.9774813 2.8256032 1.3567891 2.3027746 2.4067248 0.5623160 1.7819297 2.7806750 2.3738144 0.8124845 1.5652170 2.4655871 2.9644154 2.6205179 
Platygyra_carnosus_19926                      1.1692618 3.0153627 0.1978065 3.2575711 2.4453089 0.9181829 2.8864883 2.4620779 3.1164626 0.3596534 2.9173522 5.4301491 0.1782030 2.3755914 2.7191215 1.5586715 0.0000010 0.0000010 2.1666720 2.0725638 1.9875276 1.5203326 0.0917104 2.5543458 2.5972593 1.1366517 4.0911913 2.2712314 2.7596461 0.3842497 3.6469694 3.3593527 0.8604630 2.4775429 0.0963024 2.2725019 4.0275749 2.9450334 0.8120380 3.3817722 2.4492725 2.3442238 3.3409733 2.0771306 0.4072657 2.4010569 2.3437877 2.5660006 0.3656814 2.6116658 0.0000000 2.1767067 2.7285704 0.4072657 0.3550018 2.4172372 2.3862532 2.9802579 2.4172372 0.3718559 0.4003120 2.4010569 2.7112681 0.1147595 0.3123969 2.2441948 2.9074426 0.3416435 3.8517899 2.8006513 
Platygyra_carnosus_37476                      2.1734069 2.1391442 2.0154699 3.1220486 2.6060961 2.2324993 4.5479802 2.7823584 3.1115898 2.1199439 3.6975456 3.2121820 2.3212842 2.5894412 3.7879366 2.1991888 6.2190616 0.0000010 2.8134054 3.6420663 2.8256939 2.0050385 2.2741795 2.4985484 2.5789715 2.0751800 3.4258865 2.8937960 2.6304408 2.3167319 3.8889577 3.3235930 2.2694875 2.4414401 2.2807711 2.6453444 3.4840431 3.0144392 2.1440873 4.4392790 3.9331988 3.7720647 5.8587654 2.1993291 2.4417229 2.5762823 4.8171072 9.0000000 2.1787324 2.4076109 2.1767067 0.0000000 3.2232027 2.5184787 2.1215028 2.4449299 5.1033216 3.7250248 2.4449299 2.0871959 2.4160237 2.5730945 2.4592846 2.1981047 2.0532508 2.8221240 2.7304011 2.2012491 3.9777586 5.5943189 
Pocillopora_damicornis_4894                   3.7184220 1.5654602 3.1547767 1.6564828 1.1162775 3.2899480 4.6364949 2.0995286 1.6458603 2.9656997 3.2114237 2.6516471 3.1994497 1.7067024 1.9936212 2.4602373 9.0000000 0.0000010 4.7188504 4.9447980 1.6756712 2.9395424 3.2929651 0.5182231 1.5752890 2.6335225 1.7572269 3.5508676 0.3342723 3.5000979 2.8211265 2.5628791 3.5581120 0.5973211 3.3522054 1.6010319 3.4474250 2.5414771 3.1968453 2.8270940 2.8735668 2.5477226 2.4083842 1.7918573 3.1446493 1.7380988 4.9855463 2.4863543 3.3663673 1.6028604 2.7285704 3.2232027 0.0000000 2.7783889 3.3322326 0.6280180 4.6636143 2.4582639 0.6387125 3.2679370 3.1648898 1.7384537 0.4502995 2.7161564 3.1589893 1.6835964 0.2228675 3.2513936 4.2862917 2.0164382 
