53
sp|Q9UPY3|DICER_HUMAN                         0.0000000 2.0185045 1.4815587 1.6341846 1.8694625 3.8479342 1.6519609 1.2213988 1.5546880 1.7594444 1.8870678 0.7758426 1.3722121 2.1768291 1.8949704 1.6436295 1.3411010 1.9127753 1.0185872 1.6930739 1.3697329 1.5879017 2.9966969 4.2617403 1.5898034 1.6071910 1.3671711 4.1320920 1.2477246 0.9179135 1.9384280 1.5770339 3.3260561 3.7334570 1.5236377 1.4891463 1.1381423 1.5525235 1.5363489 1.5105245 1.0059517 1.5691425 1.5053367 3.0847739 3.6242422 1.6577651 1.4793824 1.0851335 1.1153808 1.3275273 1.6274605 2.4071836 1.9225727 
sp|Q9SP32|DCL1_ARATH                          2.0185045 0.0000000 1.6426008 2.0963659 1.6474574 3.9876032 2.1565936 1.9367638 1.8814605 2.1880251 2.2206413 1.4442616 1.5160282 2.1959911 1.9487303 1.9764610 2.1340695 1.8031321 1.5449710 1.5403964 1.7599560 2.1547479 3.5912066 4.1108443 2.0276330 1.9815711 1.7014704 3.6673847 1.6296832 1.3884342 2.0547631 1.7869351 3.2877557 3.6155232 1.9217735 1.8979145 2.5194073 1.6179710 1.9319649 1.9700779 1.5509160 1.9932143 1.9781664 3.2653172 3.8307881 1.9085154 1.9045210 1.1055227 1.7722020 1.7838555 1.9830202 2.4390966 2.2222584 
Acropora_digitifera_1294                      1.4815587 1.6426008 0.0000000 1.0469236 0.9977993 5.2167117 0.0781649 0.1844349 0.5297665 1.6592172 1.9423459 0.0000010 1.1302875 2.7831265 2.3632325 0.5798531 0.0000010 1.6793593 1.0340733 2.3230671 0.5995372 1.4132954 2.6299924 5.0614829 0.5149506 0.3312426 0.0000010 7.4632522 1.4034180 0.6623818 1.7925315 1.4075820 5.9160061 5.6791911 0.6275240 0.6276977 1.3668113 0.9339673 0.5247815 0.5915819 0.4554879 0.5221567 0.4839542 6.3190056 4.2141702 0.5302941 0.6331682 0.0000010 0.4866119 1.2522844 0.7729729 2.4040772 1.9687645 
Anthopleura_elegantissima_58958               1.6341846 2.0963659 1.0469236 0.0000000 0.9977993 4.7249480 1.2676417 0.8288732 1.0242818 1.9570008 2.0607113 0.5403035 0.1653077 2.2712601 1.9804701 1.0800773 1.1362298 1.9637234 1.0050192 2.6030440 0.8439788 1.2404512 2.7039040 5.4969778 1.0427959 1.1515797 0.8148987 4.8749285 1.4645959 0.4676946 1.7360967 1.3522928 4.5727328 3.3771455 1.1041960 1.0983780 1.5958990 2.2351212 1.0694197 1.0982261 0.6227053 1.0917394 1.0560358 4.5918657 4.4848702 1.0951718 1.0960041 0.0000010 0.6217270 0.7446079 1.2231283 2.4831925 2.0272110 
Acropora_hyacinthus_152                       1.8694625 1.6474574 0.9977993 0.9977993 0.0000000 9.0000000 1.1483709 0.9977993 1.7916433 1.7647463 1.9123259 1.9588681 0.0000010 3.8311253 2.2893243 0.9977993 1.3462659 0.9617726 1.2483640 2.4911806 0.9617726 1.9411826 2.6880983 3.5315688 1.9069367 1.6960364 1.9553134 5.7414290 0.7678263 0.9617726 1.6453108 5.2823664 7.8029948 8.9999981 1.8996574 1.9541454 0.8429963 1.9598540 1.9046015 1.8403446 0.9617726 1.9345260 1.7430386 2.4458933 3.7520674 0.9977993 1.9540891 2.0304040 0.9977993 0.0000010 2.1785797 2.0639183 3.5856612 
Acropora_hyacinthus_4297                      3.8479342 3.9876032 5.2167117 4.7249480 9.0000000 0.0000000 4.3201213 4.6781956 4.0500794 3.4329177 4.1277097 2.8772884 5.5608277 2.9579481 3.1117916 5.2252222 2.8511742 6.0800743 5.1848930 3.9925559 4.8109736 3.5970110 4.4987011 3.1042176 3.9654252 4.2806536 3.5771173 0.5631984 3.8178527 5.4219252 3.4782936 5.6057601 2.0569644 2.1430230 3.9736785 3.6259887 2.9910707 5.0045567 3.9220877 3.8204257 4.7318424 3.9294821 3.9283668 2.2547318 2.0977355 4.3602638 3.6259887 4.6690758 4.5042148 1.9472394 3.6219929 4.1678462 4.8406348 
Acropora_millepora_387                        1.6519609 2.1565936 0.0781649 1.2676417 1.1483709 4.3201213 0.0000000 0.0292511 0.5940228 1.8782795 2.1354261 0.0785387 1.1092919 1.9193412 1.8160481 0.6627149 0.5768296 1.7622264 0.9673662 1.7015433 0.5871965 0.6803519 3.1140270 4.5172592 0.5138358 0.3749866 0.5473555 4.5427971 1.4419089 0.6378228 1.8455888 1.4700055 3.4631394 3.6383873 0.7066151 0.6879355 1.4137728 0.9249943 0.5895104 0.6582518 0.4473055 0.5885231 0.6318343 3.6421114 2.7977378 0.5969275 0.6854692 0.6878339 0.4597605 0.7055336 0.7597596 2.4314009 2.1301043 
Acropora_palmata_3708                         1.2213988 1.9367638 0.1844349 0.8288732 0.9977993 4.6781956 0.0292511 0.0000000 0.4273874 1.9883551 2.5002038 0.0000010 0.0000010 1.8208907 2.4109859 0.4566892 0.0000010 1.6651600 1.3157253 1.8223037 0.5379392 1.3879373 3.1740554 5.0888263 0.4774084 0.2565884 0.0000010 5.0708934 1.8150369 0.8383393 2.2286100 1.7514535 0.0000010 0.0000010 0.5410808 0.5250535 1.3765819 0.9339673 0.4977363 0.4470433 0.5588540 0.5069274 0.5437756 6.4324037 7.6155534 0.5296103 0.5250535 0.0000010 0.5211124 1.1746147 1.6726903 2.5831413 2.4488375 
protein|evm.model.chromosome_11.432           1.5546880 1.8814605 0.5297665 1.0242818 1.7916433 4.0500794 0.5940228 0.4273874 0.0000000 1.6558675 1.8220910 0.2762072 1.0532094 1.9561366 1.5308660 0.2403953 0.2517493 1.8111070 1.0188748 1.1189452 0.3252945 0.3400650 2.9495559 4.2960859 0.4302759 0.4937069 0.1561591 4.3954971 1.3579788 0.5783562 1.7928267 1.5634135 3.3358762 3.3284826 0.4050356 0.3666368 1.5796894 0.6359850 0.4778387 0.2515142 0.2989584 0.4823032 0.5149242 3.3685221 3.2411352 0.5215619 0.3701538 0.1093476 0.2022606 0.4306672 0.4424724 2.2094383 2.0431822 
Amphimedon_queenslandica_20284                1.7594444 2.1880251 1.6592172 1.9570008 1.7647463 3.4329177 1.8782795 1.9883551 1.6558675 0.0000000 1.6562596 0.8873814 1.9021540 2.0105866 1.3284556 1.9467713 1.3770003 1.9720493 1.8252534 1.4116188 1.6550062 1.6842224 2.9302203 3.9751138 1.6806829 1.7212686 1.2954626 3.8370630 1.6697111 1.4276963 2.0551753 1.9653430 3.2643507 3.3399870 1.6407440 1.6569705 1.9714615 1.2329151 1.6980199 1.6948957 1.5326303 1.7081768 1.6762280 3.1122076 3.4481739 2.0136541 1.6512956 0.9392546 1.6932112 1.3066346 1.6824389 2.3535349 2.1069737 
Amphimedon_queenslandica_21568                1.8870678 2.2206413 1.9423459 2.0607113 1.9123259 4.1277097 2.1354261 2.5002038 1.8220910 1.6562596 0.0000000 1.0467733 1.6170039 2.0490854 1.4351120 2.0868796 1.7053890 1.9768554 1.6657756 1.6748007 1.8166147 2.0246049 2.9830627 4.3901013 1.8772053 1.8906896 1.4599255 4.3575477 1.8467986 1.4388812 2.0407060 1.8194527 3.0885871 3.6426227 1.8682752 1.8214455 2.0586862 1.3337797 1.8726874 1.7870337 1.8169363 1.9029493 1.8817853 3.1022267 3.6266416 2.1375283 1.8039211 1.0268884 2.2253847 1.3317549 1.8776347 2.5395166 2.1861958 
Acropora_tenuis_985                           0.7758426 1.4442616 0.0000010 0.5403035 1.9588681 2.8772884 0.0785387 0.0000010 0.2762072 0.8873814 1.0467733 0.0000000 2.0091417 1.6200181 0.7817589 0.0000010 0.3625888 0.0000010 0.7370140 2.4322898 0.0000010 0.2908323 3.0280112 2.3467765 0.2068002 0.1669592 0.2698393 3.1150975 0.0000010 0.0000010 1.5380110 2.1175579 3.0393387 2.6422472 0.3379743 0.3469337 0.0000010 0.8290592 0.2610171 0.2777413 0.0000010 0.2622453 0.2628184 2.2886462 1.5676998 0.0000010 0.3469337 0.0000010 0.0000010 0.3173312 0.3434592 1.3960773 1.9390771 
Anemonia_viridis_1537                         1.3722121 1.5160282 1.1302875 0.1653077 0.0000010 5.5608277 1.1092919 0.0000010 1.0532094 1.9021540 1.6170039 2.0091417 0.0000000 3.7290531 1.7537671 1.1206132 1.4566237 1.8872063 0.9046412 2.4006507 0.9990006 1.4561218 2.1001105 5.0136170 1.0822290 1.1168581 1.2138070 7.9494212 1.0415873 0.3100226 2.4344489 1.2229902 6.6495066 2.7349458 1.1989670 1.2558783 0.0000010 0.0000010 1.0768228 1.0369854 0.8228261 1.0787688 1.1239044 6.2252914 4.5457781 1.0800356 1.2687299 0.0000010 0.2998993 1.7290738 1.1749103 1.9430488 1.7420954 
Anemonia_viridis_4974                         2.1768291 2.1959911 2.7831265 2.2712601 3.8311253 2.9579481 1.9193412 1.8208907 1.9561366 2.0105866 2.0490854 1.6200181 3.7290531 0.0000000 2.2824654 2.7501057 1.3144682 3.0516145 2.5791071 3.3792143 2.6327474 1.6678971 4.9668569 2.6447504 1.9395025 1.8761336 1.7005732 3.0028074 3.5406286 2.6473162 2.4348248 3.2611783 3.6043809 3.7463869 2.0487101 2.1293096 2.5794440 2.1375068 2.0272257 1.9326356 2.9058042 2.0370877 1.9917613 2.7062454 3.4092681 2.6771931 2.1064943 2.4020970 1.9751296 1.0808347 2.0892861 2.8723221 3.0945835 
Ephydatia_muelleri_5729                       1.8949704 1.9487303 2.3632325 1.9804701 2.2893243 3.1117916 1.8160481 2.4109859 1.5308660 1.3284556 1.4351120 0.7817589 1.7537671 2.2824654 0.0000000 2.1446969 1.3654554 2.4358271 2.1282166 1.3016264 2.3591493 1.7161854 3.5027751 3.3390568 1.5484562 1.5210028 1.5038082 3.0371205 2.6381830 2.3372510 2.2355460 2.9499834 3.1841816 3.1517947 1.5126474 1.5337650 4.7500116 1.6076323 1.5300089 1.5338733 2.2447376 1.5189704 1.5394484 2.7556675 3.5163874 2.0350755 1.5313673 0.9160332 2.4468264 1.1117647 1.5199529 2.1542497 2.3478825 
Fungia_scutaria_55419                         1.6436295 1.9764610 0.5798531 1.0800773 0.9977993 5.2252222 0.6627149 0.4566892 0.2403953 1.9467713 2.0868796 0.0000010 1.1206132 2.7501057 2.1446969 0.0000000 0.2343198 1.8782778 0.9365468 2.1606389 0.3903055 0.5514109 2.7133576 5.5854420 0.5073237 0.6153429 0.0000010 8.7990940 1.3782190 0.6888780 1.3817162 1.2884127 8.1947730 6.8504764 0.5004340 0.5059091 1.6883147 1.9055516 0.6005392 0.3755764 0.3681338 0.6134546 0.6002946 6.1358823 5.1029904 0.5738184 0.5120563 0.0000010 0.2677703 1.2218597 0.5373321 2.3593951 2.0641555 
Fungia_scutaria_57770                         1.3411010 2.1340695 0.0000010 1.1362298 1.3462659 2.8511742 0.5768296 0.0000010 0.2517493 1.3770003 1.7053890 0.3625888 1.4566237 1.3144682 1.3654554 0.2343198 0.0000000 0.0000010 0.7370140 2.0373038 2.1834505 0.3525656 2.9195503 3.4942034 0.4756682 0.5319260 0.2672944 2.7524823 0.4816505 0.0000010 1.7689313 2.0914114 2.5513535 2.5983919 0.4171165 0.4143243 0.0000010 1.2128124 0.4863813 0.3073014 0.0000010 0.4931598 0.5101090 2.2264678 2.3425148 0.0000010 0.4184157 0.0000010 0.0000010 0.5052308 0.4829657 1.9680607 1.2933074 
Gorgonia_ventalina_61952                      1.9127753 1.8031321 1.6793593 1.9637234 0.9617726 6.0800743 1.7622264 1.6651600 1.8111070 1.9720493 1.9768554 0.0000010 1.8872063 3.0516145 2.4358271 1.8782778 0.0000010 0.0000000 1.3930038 2.8482823 1.8265718 2.1599466 2.7407157 5.3899665 1.8321768 1.8517329 0.0000010 8.9999989 1.2400590 1.2948375 1.7344138 1.6502022 5.4829196 6.5245610 1.8097987 1.7983456 1.6233481 0.9339673 1.7505819 1.8975485 1.4389471 1.8636219 1.7711964 6.0570835 6.1527890 1.7713613 1.8065286 0.0000010 1.6237018 1.7998973 1.8318175 2.5024059 1.9942503 
Gorgonia_ventalina_64465                      1.0185872 1.5449710 1.0340733 1.0050192 1.2483640 5.1848930 0.9673662 1.3157253 1.0188748 1.8252534 1.6657756 0.7370140 0.9046412 2.5791071 2.1282166 0.9365468 0.7370140 1.3930038 0.0000000 2.8261573 0.9855187 1.5228229 3.0441354 4.5491871 0.9855121 1.0229977 2.0176677 8.7255817 1.5231968 0.8787381 2.0069604 1.1306872 3.2238316 3.8496719 1.0548104 1.0068475 2.1113155 2.9562351 0.9478218 1.0024367 1.0052337 0.9514847 0.8318783 7.1210618 5.8931097 0.9818901 1.0068475 0.0000010 1.1106994 9.0000000 1.2050809 2.3124799 2.1610410 
Hydra_magnapapillata_2924                     1.6930739 1.5403964 2.3230671 2.6030440 2.4911806 3.9925559 1.7015433 1.8223037 1.1189452 1.4116188 1.6748007 2.4322898 2.4006507 3.3792143 1.3016264 2.1606389 2.0373038 2.8482823 2.8261573 0.0000000 2.2565903 1.3158411 3.6092732 3.5574446 1.1970313 1.2217677 0.9130478 3.8817476 2.4578588 2.4833811 1.4231588 3.5272225 3.2725871 4.1300370 1.1529686 1.1791823 2.7979699 1.2374788 1.1256380 1.1072783 2.5836955 1.1370171 1.2100706 3.5816974 4.5172460 2.1879094 1.1948374 0.8340061 2.3862586 2.2017791 1.1235310 1.7917790 2.6920078 
Madracis_auretenra_35230                      1.3697329 1.7599560 0.5995372 0.8439788 0.9617726 4.8109736 0.5871965 0.5379392 0.3252945 1.6550062 1.8166147 0.0000010 0.9990006 2.6327474 2.3591493 0.3903055 2.1834505 1.8265718 0.9855187 2.2565903 0.0000000 1.4800437 2.5172048 5.5493131 0.4878845 0.5749729 2.1834505 8.6617468 1.4988939 0.5844609 1.6941275 1.3747417 8.1947730 6.8504764 0.3351930 0.3101347 1.5409428 0.9339673 0.4602718 0.3399003 0.2272439 0.4659191 0.4680162 5.8975591 5.6339495 0.4752145 0.3044168 0.0000010 0.2850550 1.0629320 0.4136600 2.3465161 1.9712642 
Madracis_auretenra_56101                      1.5879017 2.1547479 1.4132954 1.2404512 1.9411826 3.5970110 0.6803519 1.3879373 0.3400650 1.6842224 2.0246049 0.2908323 1.4561218 1.6678971 1.7161854 0.5514109 0.3525656 2.1599466 1.5228229 1.3158411 1.4800437 0.0000000 4.1818218 3.8253196 0.4931185 0.5725846 0.2647202 3.6965633 1.6231664 1.7841568 1.7747123 2.2856346 3.0818452 3.2220125 0.3510899 0.2913956 3.5524505 0.6046037 0.5450887 0.3915785 1.1673730 0.5413910 0.6063124 3.1848526 2.6834313 0.7040102 0.2932291 0.2385556 1.0730418 0.2538449 0.3136086 2.3497010 2.2219018 
Monosiga_brevicollis_1963                     2.9966969 3.5912066 2.6299924 2.7039040 2.6880983 4.4987011 3.1140270 3.1740554 2.9495559 2.9302203 2.9830627 3.0280112 2.1001105 4.9668569 3.5027751 2.7133576 2.9195503 2.7407157 3.0441354 3.6092732 2.5172048 4.1818218 0.0000000 3.8849642 2.9904507 3.1841317 3.5933336 5.5659353 2.5176783 2.6248601 4.3146426 3.0208293 4.3420705 4.2600935 2.9708349 2.9718932 3.6672552 4.3776332 2.9571764 2.9755299 2.4656137 2.9291513 2.9332881 4.9240103 4.3233661 2.6763555 2.9593626 3.5481563 2.9082786 3.6019948 2.9923151 3.7039577 3.4776481 
Monosiga_brevicollis_5812                     4.2617403 4.1108443 5.0614829 5.4969778 3.5315688 3.1042176 4.5172592 5.0888263 4.2960859 3.9751138 4.3901013 2.3467765 5.0136170 2.6447504 3.3390568 5.5854420 3.4942034 5.3899665 4.5491871 3.5574446 5.5493131 3.8253196 3.8849642 0.0000000 4.2311459 4.4657730 3.3746232 2.9760324 4.8441789 5.2675341 3.2637346 4.5634365 3.0265381 2.9511476 4.2771985 4.2950047 7.5099695 3.1125085 4.2432633 4.3023269 5.0139859 4.3359141 4.2791100 2.8713079 1.7776006 5.7146959 4.2755442 2.6941158 5.5489819 3.4718056 4.1763398 4.6366983 4.8389918 
Montipora_capitata_HIv3___RNAseq.g16466.t1    1.5898034 2.0276330 0.5149506 1.0427959 1.9069367 3.9654252 0.5138358 0.4774084 0.4302759 1.6806829 1.8772053 0.2068002 1.0822290 1.9395025 1.5484562 0.5073237 0.4756682 1.8321768 0.9855121 1.1970313 0.4878845 0.4931185 2.9904507 4.2311459 0.0000000 0.4436942 0.3684076 4.2941092 1.3968471 0.5877955 1.7939205 1.5646379 3.1680513 3.3222179 0.5451213 0.4848737 1.6805447 0.5366856 0.3975427 0.4526914 0.3736379 0.4094919 0.4568259 3.2683553 3.1679546 0.4286344 0.4828911 0.2790606 0.3269355 0.4644247 0.5474319 2.1566221 2.0591995 
Montipora_capitata_HIv3___RNAseq.g15170.t1    1.6071910 1.9815711 0.3312426 1.1515797 1.6960364 4.2806536 0.3749866 0.2565884 0.4937069 1.7212686 1.8906896 0.1669592 1.1168581 1.8761336 1.5210028 0.6153429 0.5319260 1.8517329 1.0229977 1.2217677 0.5749729 0.5725846 3.1841317 4.4657730 0.4436942 0.0000000 0.4107769 4.5996842 1.4065526 0.6678541 1.9243570 1.5986942 3.4763300 3.4651052 0.5789413 0.5629609 1.5230507 0.5665954 0.4940806 0.5350121 0.4363354 0.5004887 0.5262364 3.4376143 3.6065204 0.5315820 0.5617652 0.2491802 0.4353882 0.5332437 0.6083527 2.2865071 2.1093734 
Montastraea_cavernosa_73966                   1.3671711 1.7014704 0.0000010 0.8148987 1.9553134 3.5771173 0.5473555 0.0000010 0.1561591 1.2954626 1.4599255 0.2698393 1.2138070 1.7005732 1.5038082 0.0000010 0.2672944 0.0000010 2.0176677 0.9130478 2.1834505 0.2647202 3.5933336 3.3746232 0.3684076 0.4107769 0.0000000 3.6781128 0.0000010 0.0000010 1.8655197 2.8247252 3.0463497 3.1029406 0.3517201 0.3141384 0.0000010 0.6514998 0.3978798 0.0983029 0.0000010 0.3964653 0.4802732 2.9762049 2.9025153 0.0000010 0.3185259 0.0878442 0.0000010 0.3807180 0.3469860 1.9292930 1.7197310 
Mnemiopsis_leidyi_1810                        4.1320920 3.6673847 7.4632522 4.8749285 5.7414290 0.5631984 4.5427971 5.0708934 4.3954971 3.8370630 4.3575477 3.1150975 7.9494212 3.0028074 3.0371205 8.7990940 2.7524823 8.9999989 8.7255817 3.8817476 8.6617468 3.6965633 5.5659353 2.9760324 4.2941092 4.5996842 3.6781128 0.0000000 7.4542943 9.0000000 3.7610333 5.6517820 1.9401295 2.1477881 4.3064644 4.1518026 8.9999989 4.3005579 4.2741575 4.2813252 8.2215029 4.2218749 4.2391795 1.7657017 2.1923861 8.2647260 4.1420816 6.3356038 5.8903752 2.0468578 4.2723901 3.8277671 6.6932484 
Nematostella_vectensis_5126                   1.2477246 1.6296832 1.4034180 1.4645959 0.7678263 3.8178527 1.4419089 1.8150369 1.3579788 1.6697111 1.8467986 0.0000010 1.0415873 3.5406286 2.6381830 1.3782190 0.4816505 1.2400590 1.5231968 2.4578588 1.4988939 1.6231664 2.5176783 4.8441789 1.3968471 1.4065526 0.0000010 7.4542943 0.0000000 1.3980931 1.3446212 1.2750371 4.9113201 6.9507575 1.4336171 1.4075605 1.5399691 0.0000010 1.3635355 1.3543979 1.4168246 1.4224279 1.3367429 5.4217988 6.3644040 1.4083557 1.4075605 0.0000010 1.5976000 0.9784344 1.5482157 2.4734401 2.0914530 
Nematostella_vectensis_5431                   0.9179135 1.3884342 0.6623818 0.4676946 0.9617726 5.4219252 0.6378228 0.8383393 0.5783562 1.4276963 1.4388812 0.0000010 0.3100226 2.6473162 2.3372510 0.6888780 0.0000010 1.2948375 0.8787381 2.4833811 0.5844609 1.7841568 2.6248601 5.2675341 0.5877955 0.6678541 0.0000010 9.0000000 1.3980931 0.0000000 1.7101995 0.9905512 5.5565071 4.6971991 0.5512576 0.5734999 1.4499654 1.1172797 0.5913434 0.6124590 0.5259499 0.5854689 0.6126425 7.1208470 8.9999986 0.6115074 0.5734999 0.0000010 0.6140416 3.3774952 0.6911569 2.0467106 1.5239766 
Oscarella_carmela_3038                        1.9384280 2.0547631 1.7925315 1.7360967 1.6453108 3.4782936 1.8455888 2.2286100 1.7928267 2.0551753 2.0407060 1.5380110 2.4344489 2.4348248 2.2355460 1.3817162 1.7689313 1.7344138 2.0069604 1.4231588 1.6941275 1.7747123 4.3146426 3.2637346 1.7939205 1.9243570 1.8655197 3.7610333 1.3446212 1.7101995 0.0000000 2.0494015 3.4315043 3.5374057 1.8282135 1.7064639 1.4251219 1.5302866 1.8496380 1.7923561 1.8119500 1.8866016 1.8064697 3.0013240 2.7289671 1.7289305 1.7111384 1.0679895 1.7107925 1.3015996 1.7671738 2.4531233 1.8051426 
Oscarella_carmela_11115                       1.5770339 1.7869351 1.4075820 1.3522928 5.2823664 5.6057601 1.4700055 1.7514535 1.5634135 1.9653430 1.8194527 2.1175579 1.2229902 3.2611783 2.9499834 1.2884127 2.0914114 1.6502022 1.1306872 3.5272225 1.3747417 2.2856346 3.0208293 4.5634365 1.5646379 1.5986942 2.8247252 5.6517820 1.2750371 0.9905512 2.0494015 0.0000000 4.1495986 3.6551967 1.5883785 1.6277097 3.1832355 4.3820487 1.5987031 1.5434289 1.2029879 1.6756976 1.6417391 4.9145439 4.7380423 1.3835327 1.6382660 3.4985979 1.2689832 1.6261507 1.6455209 2.6162245 1.5579107 
Montastraea_faveolata_1910                    3.3260561 3.2877557 5.9160061 4.5727328 7.8029948 2.0569644 3.4631394 0.0000010 3.3358762 3.2643507 3.0885871 3.0393387 6.6495066 3.6043809 3.1841816 8.1947730 2.5513535 5.4829196 3.2238316 3.2725871 8.1947730 3.0818452 4.3420705 3.0265381 3.1680513 3.4763300 3.0463497 1.9401295 4.9113201 5.5565071 3.4315043 4.1495986 0.0000000 1.4082499 3.0992852 3.0473958 0.0000010 0.3558596 3.4867785 3.4871710 7.2779486 3.5029385 3.5304438 1.7578621 2.1016807 8.9726434 3.0473958 0.0000010 0.0000010 2.0854154 3.0610954 3.1530196 4.4741950 
Montastraea_faveolata_3189                    3.7334570 3.6155232 5.6791911 3.3771455 8.9999981 2.1430230 3.6383873 0.0000010 3.3284826 3.3399870 3.6426227 2.6422472 2.7349458 3.7463869 3.1517947 6.8504764 2.5983919 6.5245610 3.8496719 4.1300370 6.8504764 3.2220125 4.2600935 2.9511476 3.3222179 3.4651052 3.1029406 2.1477881 6.9507575 4.6971991 3.5374057 3.6551967 1.4082499 0.0000000 3.1251177 3.1971691 0.0000010 5.8271439 3.4625723 3.3706659 4.6022423 3.5370549 3.1908978 1.7715070 1.5528915 6.0242409 3.1971691 0.0000010 0.0000010 2.5401037 3.1116301 3.2932167 4.8573135 
Pocillopora_acuta_HIv2___TS.g12567.t1         1.5236377 1.9217735 0.6275240 1.1041960 1.8996574 3.9736785 0.7066151 0.5410808 0.4050356 1.6407440 1.8682752 0.3379743 1.1989670 2.0487101 1.5126474 0.5004340 0.4171165 1.8097987 1.0548104 1.1529686 0.3351930 0.3510899 2.9708349 4.2771985 0.5451213 0.5789413 0.3517201 4.3064644 1.4336171 0.5512576 1.8282135 1.5883785 3.0992852 3.1251177 0.0000000 0.1240425 1.7248517 0.6554828 0.5495658 0.4372405 0.0457419 0.5475391 0.5821970 3.1581945 3.2841364 0.5505520 0.1277727 0.2497773 0.2858375 0.2741221 0.2277635 2.1114744 2.0355952 
Pocillopora_acuta_HIv2___RNAseq.g14085.t1     1.4891463 1.8979145 0.6276977 1.0983780 1.9541454 3.6259887 0.6879355 0.5250535 0.3666368 1.6569705 1.8214455 0.3469337 1.2558783 2.1293096 1.5337650 0.5059091 0.4143243 1.7983456 1.0068475 1.1791823 0.3101347 0.2913956 2.9718932 4.2950047 0.4848737 0.5629609 0.3141384 4.1518026 1.4075605 0.5734999 1.7064639 1.6277097 3.0473958 3.1971691 0.1240425 0.0000000 1.5571567 0.6423662 0.5203296 0.4020315 0.0299925 0.5246533 0.5751677 3.2033004 3.2115610 0.5624365 0.0111461 0.2219717 0.2785343 0.2313205 0.1966487 2.1017643 2.0219349 
Porites_astreoides_2149                       1.1381423 2.5194073 1.3668113 1.5958990 0.8429963 2.9910707 1.4137728 1.3765819 1.5796894 1.9714615 2.0586862 0.0000010 0.0000010 2.5794440 4.7500116 1.6883147 0.0000010 1.6233481 2.1113155 2.7979699 1.5409428 3.5524505 3.6672552 7.5099695 1.6805447 1.5230507 0.0000010 8.9999989 1.5399691 1.4499654 1.4251219 3.1832355 0.0000010 0.0000010 1.7248517 1.5571567 0.0000000 1.9138010 1.5645713 1.3775260 1.5625919 1.5789943 1.5627274 8.2967964 6.8002515 1.5757428 1.5571567 0.0000010 1.4958991 3.3569201 2.9448098 2.5664022 2.5613321 
Porites_astreoides_3768                       1.5525235 1.6179710 0.9339673 2.2351212 1.9598540 5.0045567 0.9249943 0.9339673 0.6359850 1.2329151 1.3337797 0.8290592 0.0000010 2.1375068 1.6076323 1.9055516 1.2128124 0.9339673 2.9562351 1.2374788 0.9339673 0.6046037 4.3776332 3.1125085 0.5366856 0.5665954 0.6514998 4.3005579 0.0000010 1.1172797 1.5302866 4.3820487 0.3558596 5.8271439 0.6554828 0.6423662 1.9138010 0.0000000 0.4617777 0.6557719 0.9339673 0.4619066 0.2011642 3.7291282 3.2541850 0.9339673 0.6630695 0.4365948 0.9339673 1.6036005 0.6737277 1.9470864 1.8700157 
Porites_australiensis_45275                   1.5363489 1.9319649 0.5247815 1.0694197 1.9046015 3.9220877 0.5895104 0.4977363 0.4778387 1.6980199 1.8726874 0.2610171 1.0768228 2.0272257 1.5300089 0.6005392 0.4863813 1.7505819 0.9478218 1.1256380 0.4602718 0.5450887 2.9571764 4.2432633 0.3975427 0.4940806 0.3978798 4.2741575 1.3635355 0.5913434 1.8496380 1.5987031 3.4867785 3.4625723 0.5495658 0.5203296 1.5645713 0.4617777 0.0000000 0.5008624 0.3927034 0.0561462 0.2282373 3.1635308 3.5716391 0.0915794 0.5241382 0.3009448 0.3770309 0.5925675 0.5810744 2.2274386 1.9402815 
Platygyra_carnosus_44039                      1.5105245 1.9700779 0.5915819 1.0982261 1.8403446 3.8204257 0.6582518 0.4470433 0.2515142 1.6948957 1.7870337 0.2777413 1.0369854 1.9326356 1.5338733 0.3755764 0.3073014 1.8975485 1.0024367 1.1072783 0.3399003 0.3915785 2.9755299 4.3023269 0.4526914 0.5350121 0.0983029 4.2813252 1.3543979 0.6124590 1.7923561 1.5434289 3.4871710 3.3706659 0.4372405 0.4020315 1.3775260 0.6557719 0.5008624 0.0000000 0.3175214 0.5030637 0.5429682 3.2195419 3.2710460 0.5222492 0.4042664 0.0947327 0.1200957 0.4748355 0.4564960 2.2451764 2.0751357 
Pocillopora_damicornis_20089                  1.0059517 1.5509160 0.4554879 0.6227053 0.9617726 4.7318424 0.4473055 0.5588540 0.2989584 1.5326303 1.8169363 0.0000010 0.8228261 2.9058042 2.2447376 0.3681338 0.0000010 1.4389471 1.0052337 2.5836955 0.2272439 1.1673730 2.4656137 5.0139859 0.3736379 0.4363354 0.0000010 8.2215029 1.4168246 0.5259499 1.8119500 1.2029879 7.2779486 4.6022423 0.0457419 0.0299925 1.5625919 0.9339673 0.3927034 0.3175214 0.0000000 0.3847083 0.3666368 5.9080274 5.6452378 0.4058795 0.0299925 0.0000010 0.2764348 0.6256257 0.2791695 2.0575600 2.0445337 
Peve_00022943                                 1.5691425 1.9932143 0.5221567 1.0917394 1.9345260 3.9294821 0.5885231 0.5069274 0.4823032 1.7081768 1.9029493 0.2622453 1.0787688 2.0370877 1.5189704 0.6134546 0.4931598 1.8636219 0.9514847 1.1370171 0.4659191 0.5413910 2.9291513 4.3359141 0.4094919 0.5004887 0.3964653 4.2218749 1.4224279 0.5854689 1.8866016 1.6756976 3.5029385 3.5370549 0.5475391 0.5246533 1.5789943 0.4619066 0.0561462 0.5030637 0.3847083 0.0000000 0.2420822 3.1188037 3.6251740 0.0960038 0.5292082 0.3015456 0.4032117 0.5795027 0.5816004 2.2407001 2.0231932 
Peve_00023970                                 1.5053367 1.9781664 0.4839542 1.0560358 1.7430386 3.9283668 0.6318343 0.5437756 0.5149242 1.6762280 1.8817853 0.2628184 1.1239044 1.9917613 1.5394484 0.6002946 0.5101090 1.7711964 0.8318783 1.2100706 0.4680162 0.6063124 2.9332881 4.2791100 0.4568259 0.5262364 0.4802732 4.2391795 1.3367429 0.6126425 1.8064697 1.6417391 3.5304438 3.1908978 0.5821970 0.5751677 1.5627274 0.2011642 0.2282373 0.5429682 0.3666368 0.2420822 0.0000000 3.0004986 3.2470461 0.1709607 0.5688571 0.3423160 0.3720859 0.6340169 0.6299376 2.1919632 1.9844865 
Pleurobrachia_pileus_882                      3.0847739 3.2653172 6.3190056 4.5918657 2.4458933 2.2547318 3.6421114 6.4324037 3.3685221 3.1122076 3.1022267 2.2886462 6.2252914 2.7062454 2.7556675 6.1358823 2.2264678 6.0570835 7.1210618 3.5816974 5.8975591 3.1848526 4.9240103 2.8713079 3.2683553 3.4376143 2.9762049 1.7657017 5.4217988 7.1208470 3.0013240 4.9145439 1.7578621 1.7715070 3.1581945 3.2033004 8.2967964 3.7291282 3.1635308 3.2195419 5.9080274 3.1188037 3.0004986 0.0000000 2.1289154 5.5063231 3.1931218 3.3002533 4.9387439 2.2371304 3.2285758 3.5593241 5.8087233 
Pleurobrachia_pileus_2524                     3.6242422 3.8307881 4.2141702 4.4848702 3.7520674 2.0977355 2.7977378 7.6155534 3.2411352 3.4481739 3.6266416 1.5676998 4.5457781 3.4092681 3.5163874 5.1029904 2.3425148 6.1527890 5.8931097 4.5172460 5.6339495 2.6834313 4.3233661 1.7776006 3.1679546 3.6065204 2.9025153 2.1923861 6.3644040 8.9999986 2.7289671 4.7380423 2.1016807 1.5528915 3.2841364 3.2115610 6.8002515 3.2541850 3.5716391 3.2710460 5.6452378 3.6251740 3.2470461 2.1289154 0.0000000 4.5258137 3.1780830 3.0977454 4.3082892 2.2455887 3.2544917 3.7832951 4.7556764 
Porites_lobata_25208                          1.6577651 1.9085154 0.5302941 1.0951718 0.9977993 4.3602638 0.5969275 0.5296103 0.5215619 2.0136541 2.1375283 0.0000010 1.0800356 2.6771931 2.0350755 0.5738184 0.0000010 1.7713613 0.9818901 2.1879094 0.4752145 0.7040102 2.6763555 5.7146959 0.4286344 0.5315820 0.0000010 8.2647260 1.4083557 0.6115074 1.7289305 1.3835327 8.9726434 6.0242409 0.5505520 0.5624365 1.5757428 0.9339673 0.0915794 0.5222492 0.4058795 0.0960038 0.1709607 5.5063231 4.5258137 0.0000000 0.5659689 0.0000010 0.4235816 1.0191332 0.6356387 2.2984876 2.0545560 
Pocillopora_meandrina_HIv1___RNAseq.g17990.t1 1.4793824 1.9045210 0.6331682 1.0960041 1.9540891 3.6259887 0.6854692 0.5250535 0.3701538 1.6512956 1.8039211 0.3469337 1.2687299 2.1064943 1.5313673 0.5120563 0.4184157 1.8065286 1.0068475 1.1948374 0.3044168 0.2932291 2.9593626 4.2755442 0.4828911 0.5617652 0.3185259 4.1420816 1.4075605 0.5734999 1.7111384 1.6382660 3.0473958 3.1971691 0.1277727 0.0111461 1.5571567 0.6630695 0.5241382 0.4042664 0.0299925 0.5292082 0.5688571 3.1931218 3.1780830 0.5659689 0.0000000 0.2318696 0.2785343 0.2314937 0.1992566 2.0987250 2.0301572 
Pseudodiploria_strigosa_18974                 1.0851335 1.1055227 0.0000010 0.0000010 2.0304040 4.6690758 0.6878339 0.0000010 0.1093476 0.9392546 1.0268884 0.0000010 0.0000010 2.4020970 0.9160332 0.0000010 0.0000010 0.0000010 0.0000010 0.8340061 0.0000010 0.2385556 3.5481563 2.6941158 0.2790606 0.2491802 0.0878442 6.3356038 0.0000010 0.0000010 1.0679895 3.4985979 0.0000010 0.0000010 0.2497773 0.2219717 0.0000010 0.4365948 0.3009448 0.0947327 0.0000010 0.3015456 0.3423160 3.3002533 3.0977454 0.0000010 0.2318696 0.0000000 0.0000010 0.0000010 0.2263273 1.4065442 1.2806705 
Pseudodiploria_strigosa_19110                 1.1153808 1.7722020 0.4866119 0.6217270 0.9977993 4.5042148 0.4597605 0.5211124 0.2022606 1.6932112 2.2253847 0.0000010 0.2998993 1.9751296 2.4468264 0.2677703 0.0000010 1.6237018 1.1106994 2.3862586 0.2850550 1.0730418 2.9082786 5.5489819 0.3269355 0.4353882 0.0000010 5.8903752 1.5976000 0.6140416 1.7107925 1.2689832 0.0000010 0.0000010 0.2858375 0.2785343 1.4958991 0.9339673 0.3770309 0.1200957 0.2764348 0.4032117 0.3720859 4.9387439 4.3082892 0.4235816 0.2785343 0.0000010 0.0000000 1.3229759 0.6366789 2.4559370 2.5697107 
Seriatopora_hystrix_96208                     1.3275273 1.7838555 1.2522844 0.7446079 0.0000010 1.9472394 0.7055336 1.1746147 0.4306672 1.3066346 1.3317549 0.3173312 1.7290738 1.0808347 1.1117647 1.2218597 0.5052308 1.7998973 9.0000000 2.2017791 1.0629320 0.2538449 3.6019948 3.4718056 0.4644247 0.5332437 0.3807180 2.0468578 0.9784344 3.3774952 1.3015996 1.6261507 2.0854154 2.5401037 0.2741221 0.2313205 3.3569201 1.6036005 0.5925675 0.4748355 0.6256257 0.5795027 0.6340169 2.2371304 2.2455887 1.0191332 0.2314937 0.0000010 1.3229759 0.0000000 0.3008800 1.9721601 1.3650924 
Stylophora_pistillata_19915                   1.6274605 1.9830202 0.7729729 1.2231283 2.1785797 3.6219929 0.7597596 1.6726903 0.4424724 1.6824389 1.8776347 0.3434592 1.1749103 2.0892861 1.5199529 0.5373321 0.4829657 1.8318175 1.2050809 1.1235310 0.4136600 0.3136086 2.9923151 4.1763398 0.5474319 0.6083527 0.3469860 4.2723901 1.5482157 0.6911569 1.7671738 1.6455209 3.0610954 3.1116301 0.2277635 0.1966487 2.9448098 0.6737277 0.5810744 0.4564960 0.2791695 0.5816004 0.6299376 3.2285758 3.2544917 0.6356387 0.1992566 0.2263273 0.6366789 0.3008800 0.0000000 2.2109423 2.0135653 
Trichoplax_adherens_5897                      2.4071836 2.4390966 2.4040772 2.4831925 2.0639183 4.1678462 2.4314009 2.5831413 2.2094383 2.3535349 2.5395166 1.3960773 1.9430488 2.8723221 2.1542497 2.3593951 1.9680607 2.5024059 2.3124799 1.7917790 2.3465161 2.3497010 3.7039577 4.6366983 2.1566221 2.2865071 1.9292930 3.8277671 2.4734401 2.0467106 2.4531233 2.6162245 3.1530196 3.2932167 2.1114744 2.1017643 2.5664022 1.9470864 2.2274386 2.2451764 2.0575600 2.2407001 2.1919632 3.5593241 3.7832951 2.2984876 2.0987250 1.4065442 2.4559370 1.9721601 2.2109423 0.0000000 2.5328860 
Trichoplax_adherens_6187                      1.9225727 2.2222584 1.9687645 2.0272110 3.5856612 4.8406348 2.1301043 2.4488375 2.0431822 2.1069737 2.1861958 1.9390771 1.7420954 3.0945835 2.3478825 2.0641555 1.2933074 1.9942503 2.1610410 2.6920078 1.9712642 2.2219018 3.4776481 4.8389918 2.0591995 2.1093734 1.7197310 6.6932484 2.0914530 1.5239766 1.8051426 1.5579107 4.4741950 4.8573135 2.0355952 2.0219349 2.5613321 1.8700157 1.9402815 2.0751357 2.0445337 2.0231932 1.9844865 5.8087233 4.7556764 2.0545560 2.0301572 1.2806705 2.5697107 1.3650924 2.0135653 2.5328860 0.0000000 
